$coord
         -0.771930918858         10.053358482095         -1.153396400945     c 
         -8.790614182083          4.250723288611         -0.301998799099     c 
         -7.946406849669         -5.305689385962         -1.811863125374     c 
          1.447754096388         -8.560072501188         -1.512178581721     c 
          9.300531649516         -2.822909498171          0.739676664229     c 
          8.634209381717          6.989717210185         -0.793657197062     c 
         -1.691937354108          7.555828674716         -1.348563052052     o 
         -8.407467732765          2.399124565164         -2.139312836299     o 
         -5.346807680964         -4.901894983255         -2.214702360157     o 
          2.571913183698         -6.179663740130         -1.138186044588     o 
          8.410565012942         -0.732847434698         -0.597916936255     o 
          6.167186895141          6.848864493711         -1.748570588205     o 
          0.615544578957         10.673130320970         -3.618958606116     c 
         -8.773551744943          6.836034988688         -1.659997032983     c 
         -9.363086143839         -4.253942476491         -4.118851401725     c 
          0.296766703807         -8.605294377184         -4.176790359037     c 
          9.574456895852         -4.978023679956         -1.204778374050     c 
         10.313362084573          5.663096685859         -2.767642976751     c 
         -0.961709890277         10.402132855647         -5.734014033522     o 
        -10.504318621647          6.888449159985         -3.653227840526     o 
         -8.617654407919         -5.445619354240         -6.361947734620     o 
          2.091918173354         -8.131353418463         -6.068582575495     o 
         11.232978001224         -4.289008951213         -3.144098461788     o 
         10.072461416594          6.812487619437         -5.140208810087     o 
          2.846518125034          8.840705096971         -3.841608919686     c 
         -6.089971400490          7.448137378823         -2.613820333571     c 
         -8.854002381510         -1.402406858855         -4.251286790699     c 
         -1.790115289558         -6.592511643509         -4.281407482041     c 
          6.935413476460         -5.587016925014         -2.270696358568     c 
          9.511708619704          2.875859873005         -2.873590968007     c 
          4.386930008595          9.375348903986         -5.936465130166     o 
         -5.947321855064          9.931967608287         -3.554102339723     o 
        -10.306362167529         -0.263099557109         -6.158255182985     o 
         -3.121235308741         -6.657704329141         -6.578221525650     o 
          6.979327071266         -7.712237211333         -3.868810316320     o 
         11.105637602425          1.429365368692         -4.431885159746     o 
          4.529630825074          8.951086790282         -1.485787961484     c 
         -4.167980984894          7.151008361067         -0.454615603146     c 
         -9.438699480311         -0.054862490639         -1.750126348632     c 
         -3.704191432538         -7.010914754095         -2.151351340500     c 
          5.053428768210         -6.108239631575         -0.128927269262     c 
          9.546181550382          1.670443579909         -0.240956290789     c 
          2.995077462336          8.786140122354          0.980317412016     c 
         -4.462687622078          4.425535631466          0.526123965134     c 
         -8.300196368424         -1.471292191144          0.534521350961     c 
         -2.369708867393         -7.231996518985          0.418592950484     c 
          5.154777475352         -3.920578294730          1.766248536779     c 
          8.073122025559          3.280539082580          1.679000168252     c 
          0.805948700571         10.356519196560          0.935626364756     o 
         -6.887402484467          4.158653553788          1.571978551272     o 
         -8.775104832568         -4.121444738287          0.391008889441     o 
         -0.397884433331         -9.055481491290          0.314417510360     o 
          7.617490191071         -3.513279905566          2.695510780800     o 
          8.865164006066          5.851188752021          1.582039919415     o 
          4.529759591671          9.723168538458          3.261866396881     c 
         -2.499817302245          3.607095115580          2.425898111630     c 
         -9.485243667162         -0.715328723036          3.084877900293     c 
         -4.179751522413         -8.114977058927          2.503819054197     c 
          3.408854641903         -4.375061489493          4.000756165658     c 
          8.550955028126          2.414920411282          4.407435558455     c 
          5.394493833122         12.200558766727          2.895277025851     o 
         -3.508418255170          3.158848765362          4.692685435625     o 
        -12.129623151334         -0.702079779799          2.985050063437     o 
         -5.356953266840        -10.400617978388          1.882090843517     o 
          2.914698983266         -2.163292826461          5.129896317576     o 
         11.134882570439          2.417895752629          4.993915175396     o 
         -2.329694747634         11.388427297698         -0.856017717328     h 
        -10.582070207095          3.973052056316          0.702142892662     h 
         -8.360011161434         -7.319656419682         -1.547338851481     h 
          2.842127638838        -10.079050833285         -1.301625161186     h 
         11.102875843695         -2.436771379383          1.684688648720     h 
          9.227755881797          8.959387526979         -0.523328980534     h 
          1.336042039747         12.622266515153         -3.516884934846     h 
         -9.358892852927          8.303974713751         -0.323614615767     h 
        -11.393325061111         -4.590071584588         -3.906605234723     h 
         -0.559167735087        -10.472446856603         -4.498972779268     h 
         10.360849487424         -6.660668393326         -0.295004638061     h 
         12.304753407552          5.801090845277         -2.228028015220     h 
         -2.719762318909         10.395293296156         -5.180039098162     h 
        -10.330562016251          5.336192528112         -4.612956349779     h 
         -6.781352483206         -5.588122155556         -6.389351917328     h 
          3.775458279523         -7.996901280525         -5.322162460161     h 
         10.903398399060         -2.541281580835         -3.623506268919     h 
          8.295588443871          7.177304229815         -5.429703497372     h 
          2.073473974350          6.912080124849         -3.986183445354     h 
         -5.587614581261          6.098264154076         -4.116847531608     h 
         -6.823381929063         -1.135211816825         -4.643400967075     h 
         -0.910745590620         -4.723833168077         -4.013213815630     h 
          6.258337607708         -3.921857727189         -3.319989570817     h 
          7.554624244898          2.794974363518         -3.582277108926     h 
          3.292380304145          9.629612648619         -7.380895889587     h 
         -7.390612078444         10.193522597710         -4.656359143398     h 
        -10.247280489517         -1.366204994453         -7.620642960764     h 
         -1.898306928609         -6.809002902438         -7.932654014358     h 
          8.368942907291         -7.497072418655         -5.046792564034     h 
         11.396187169472          2.376568340179         -5.971700929141     h 
          5.618782498734         10.718605434243         -1.517502221039     h 
         -4.614452483215          8.466414422341          1.085221637060     h 
        -11.496022050408          0.092450267729         -1.505455878550     h 
         -4.757047888811         -8.758174342373         -2.528058796789     h 
          5.512732081138         -7.889203163012          0.824008605181     h 
         11.508748872301          1.454178305934          0.392742340369     h 
          2.432675665641          6.805281142154          1.250941990571     h 
         -4.229883440751          3.141263483670         -1.103292558769     h 
         -6.249016236906         -1.145796563667          0.590221165019     h 
         -1.595562902600         -5.371592076613          0.924530927637     h 
          4.480460387637         -2.199176516746          0.802727617049     h 
          6.046365640587          3.148682444113          1.241233117438     h 
          6.195066011098          8.538752543528          3.524138212633     h 
          3.321143395398          9.606740697852          4.940911653209     h 
         -8.799376765031         -2.080942066871          4.485606086790     h 
         -8.877697056433          1.169868297732          3.641634706088     h 
         -5.667881732129         -6.708955002384          2.754096906406     h 
         -3.091101306515         -8.285810328512          4.258999397098     h 
          7.504217714672          3.675238654839          5.675515513072     h 
          7.877060170116          0.481920778362          4.656393816281     h 
          3.928218777963         13.263418701219          2.639211058094     h 
        -12.680298445505         -2.398846463255          2.583088996760     h 
         -4.042318576324        -11.653230271387          1.656574244742     h 
         11.753408942631          4.121657704589          4.742858103753     h 
          0.910757464142         -2.069929603732          6.981283733795     c 
          1.672809803030         -0.990457620558          8.549362030679     h 
          0.364907073690         -3.961210443687          7.568409541833     h 
          2.576700213236         -6.408213837882          4.656799871190     o 
         -1.839859122941          1.915957520094          6.416998003426     c 
         -2.853583849961          1.921007984918          8.209512146001     h 
         -0.073584560144          2.953443468104          6.621958631211     h 
         -0.265832162544          3.300096716695          1.930455432387     o 
         -1.266281427466         -0.749201798174          5.633069138036     c 
         -2.381772712249         -1.804985841460          3.909798312195     o 
         11.001429491379         -3.614424329463          6.535700358821     o 
          9.491672732321         -3.916314952497          5.561889216011     h 
         10.845029986808         -1.868475238936          7.031696858535     h 
         -6.353007590389          7.491750015299          6.188270875700     o 
         -6.428133796516          6.357991289283          4.764276926975     h 
         -6.109864592976          6.375745178102          7.607505262900     h 
          2.724953217780          2.699544503033         -4.955742947639     o 
          3.687679258915          1.153942514629         -4.900203548494     h 
          1.330197616445          2.292047482785         -6.054567114853     h 
          7.528001457793         -8.816991305193          5.968972908907     o 
          7.626352587265         -9.303188734454          7.721899227043     h 
          5.769249476040         -8.399852049740          5.741821267667     h 
         11.777910100200          9.936528991621          3.381836938964     o 
         11.778869201688          8.252647779597          2.686599781081     h 
         10.607693018266          9.821007740108          4.773260088385     h 
         -0.945951562979         -0.362113195684         -4.296349861674     o 
         -1.357887451063         -0.832933080331         -2.585370895613     h 
         -2.570675378083         -0.274389033355         -5.115732895266     h 
         -2.073319586602          9.713655776988          6.161319795968     o 
         -2.432555955544          8.838918439472          4.604208565839     h 
         -2.624375961327          8.542566459598          7.443387751198     h 
          5.463752593244         -5.218358788458         -9.252109939455     o 
          5.008191870658         -3.590621059411         -8.572591083982     h 
          3.855228727565         -6.022837011859         -9.542415505264     h 
         -6.304697642694         -2.490652040836          8.312866309805     o 
         -7.625968469877         -2.536249781544          9.566252048043     h 
         -5.216268002237         -3.870521455895          8.792546281585     h 
         -4.185716474694         13.370629280643          3.244481961462     o 
         -2.443751683349         13.049204370995          2.818974905183     h 
         -4.358433564810         12.643260877399          4.905781324060     h 
         -6.393810351649          3.848653039263         -8.444265796112     o 
         -7.345174187620          4.693811021495         -9.747886292422     h 
         -7.663009173312          2.915502015513         -7.529293076418     h 
          2.404137621677          6.578988489482         -9.594862523449     o 
          3.334814643241          5.639889672888         -8.341568760687     h 
          0.725508629284          5.878905340050         -9.490460179863     h 
          3.697685803146        -11.263279423363          4.077335783123     o 
          2.949731395701        -10.090115735668          2.901298909647     h 
          3.130785501889        -12.886922360256          3.476320623783     h 
          8.588587435062        -10.886913556987          1.485078318127     o 
          8.435516139264        -12.670269101685          1.145926815818     h 
          8.480863110565        -10.789019773742          3.301014395364     h 
          5.756485119256        -12.516306644079         -4.207222267748     o 
          7.441257615755        -11.824527156367         -4.249581882718     h 
          5.064275281962        -12.048420520329         -5.826092143992     h 
        -10.689302222181        -10.202407430517          2.174274782120     o 
        -10.382336091607        -11.526792668427          0.961597125715     h 
         -9.026194156082         -9.811956845197          2.807071321532     h 
         -3.003435699492         -0.458975208159         -9.396860678749     o 
         -1.284195646280         -0.295668530666         -9.976822858713     h 
         -3.851777893902         -1.252045382832        -10.800486974796     h 
          7.888795287408         -0.834205509384         -7.997897957639     o 
          9.624943109607         -1.106027264065         -8.478226215200     h 
          8.020183099317         -0.001104448993         -6.383125086513     h 
         -1.780909563710         -5.872399422398        -11.573869842287     o 
         -1.034730625357         -4.273076913329        -11.121989254616     h 
         -3.454479732593         -5.417854180804        -12.131869011423     h 
        -10.643877488621          0.289984248899          8.492762938577     o 
         -9.136175604118          1.145202097111          7.932183754980     h 
        -11.911443524739          0.842036386551          7.306455077646     h 
         15.345447177823         -0.440908815694          1.068769677384     o 
         16.601455520149          0.154896015624         -0.108630513182     h 
         15.861559418708          0.299379048108          2.651303592678     h 
          5.235045098896          2.860181082352          9.175611528705     o 
          5.654414448534          1.091818081838          9.049781450189     h 
          6.472084214170          3.507967461791         10.345619474469     h 
        -11.590705422688          5.149808460260          6.025293504202     o 
        -11.146819502162          6.891694652000          5.729304743912     h 
        -13.204280083505          4.976033109256          5.197651975148     h 
          1.206448392365          3.051568018748         12.401507809116     o 
          2.454106041104          2.469851058728         11.208290590021     h 
          0.992849612513          4.808603098769         11.970213422309     h 
         -9.829812071706         11.193045774170          3.592865232484     o 
         -8.354592082018         10.146888699272          3.812166208233     h 
         -9.519129071530         12.039092631667          2.009674672908     h 
          3.548098219355         -6.568642999654         10.093993117601     o 
          5.252854036436         -6.951242947036         10.609974169335     h 
          3.665584181892         -6.470405669618          8.278681013600     h 
          7.697373275217         14.757309613291         -0.773939728051     o 
          8.036460455306         13.877403807391         -2.332656257320     h 
          7.628615150533         13.420799758226          0.462112571413     h 
          6.087524016195         -2.377991017533          9.434006185671     o 
          7.088378817439         -3.310504873063         10.637135080599     h 
          5.958358496544         -3.515253346700          8.016698095321     h 
          0.477661871063        -14.345063158349          0.136737571055     o 
         -0.097386755851        -12.908612698322          1.098371968317     h 
          0.556506614858        -13.710356308249         -1.569059099313     h 
         -9.738873016142         -7.333785286394          5.735945919892     o 
        -10.092851934520         -5.790551552952          4.834868714172     h 
        -11.341198920871         -7.763184577641          6.488926333606     h 
         -4.499351077399         -7.112557581116          9.428324032590     o 
         -5.264508980707         -8.159819243595          8.149032058419     h 
         -4.212926131245         -8.267681459305         10.807621366617     h 
         -7.715809553822         14.701805910279         -0.600915291086     o 
         -6.785850013656         14.242316397552          0.896701550234     h 
         -6.671384295383         14.078905618922         -1.957374898321     h 
        -14.547363091478         -5.599375579765          0.540060105446     o 
        -14.728727032574         -6.580738206612         -0.984028499848     h 
        -13.805799888543         -6.775646175737          1.717040589744     h 
         10.750257147668         -5.473826322354         -8.754659268619     o 
         10.615921489839         -4.777342032406         -7.076661912808     h 
          9.280329912210         -4.816225481558         -9.606531686510     h 
         -5.199970204389        -13.159166085303         -3.685329535697     o 
         -6.222826851347        -13.353773919256         -5.180222050852     h 
         -6.418081798490        -13.183677380682         -2.330923798585     h 
         14.999814763268         -5.060151805250          3.396017244381     o 
         15.459883058927         -3.730541386735          4.553292000096     h 
         13.269105868781         -5.423918517313          3.833203773629     h 
        -13.597993805944          7.983480968551          1.434662121082     o 
        -13.276690814222          9.142437181052          2.803017501296     h 
        -13.910524688240          9.079929654831          0.013769343399     h 
        -15.589261897349          3.074902667744          2.565195621801     o 
        -16.340775962427          1.910938750395          1.382306713002     h 
        -15.815083594907          4.696837186824          1.766982281891     h 
         -1.980221142888        -12.702274324789          4.439860385810     o 
         -1.148156071411        -11.601446130896          5.629253746217     h 
         -1.874625565784        -14.339904881572          5.230952853587     h 
        -14.027375655102          2.869440156316         -3.155458337169     o 
        -15.828624816470          2.742696163754         -2.914110080988     h 
        -13.734283894832          1.912269191943         -4.677539979025     h 
         -7.842100022693        -10.798086330068         -6.830950923231     o 
         -6.427131578395         -9.900993095786         -6.115479336011     h 
         -9.075411069321         -9.487994056686         -7.116281708316     h 
         15.985499241446         -4.984284339144         -1.679576512482     o 
         14.958227531882         -4.570151035593         -0.233195510180     h 
         15.016863474799         -4.347531858540         -3.084959943931     h 
          8.513899941060          7.168608484077          9.539215690618     o 
          7.801116289949          7.571649393240          7.911853083780     h 
          7.223056247273          7.697065186256         10.711080713464     h 
        -11.781284866858        -10.687731449049         -2.295314150820     o 
        -11.926512890292         -8.901687208657         -1.967036288939     h 
        -10.650395586317        -10.767007295481         -3.721363355769     h 
         14.823552683762         -0.233334925993         -7.368705310118     o 
         13.857089898407         -1.644087405323         -7.996828457458     h 
         14.722984090551         -0.421363113376         -5.559467095157     h 
         -3.164490114537         15.742595213042         -2.083967124125     o 
         -1.740592844670         15.273800405028         -3.119128732098     h 
         -2.435698427008         15.948553044569         -0.427085834623     h 
          0.065964807625         -9.908986744922          9.486546109015     o 
          1.554447590899        -10.822665173474         10.004640979538     h 
          0.474172195310         -8.176579122649          9.875058809927     h 
         -6.755766489214         -4.249811611741        -11.473497865230     o 
         -7.781774909833         -5.672803074133        -11.964632856933     h 
         -7.382373367281         -3.826119122254         -9.816192807492     h 
          6.140213331029         13.470134679733         -5.376484999324     o 
          7.244502961635         12.210148880521         -6.091881224349     h 
          4.898030244077         13.737005657685         -6.682077822227     h 
$end
