Batch	rate148.rre												
Evolution 600	161008												
Sample	Sample001	Sample	Sample002	Sample	Sample003	Sample	Sample004	Sample	Sample005	Sample	Sample006	Sample	Sample007
Data Mode	A	Data Mode	A	Data Mode	A	Data Mode	A	Data Mode	A	Data Mode	A	Data Mode	A
Smoothing	None	Smoothing	None	Smoothing	None	Smoothing	None	Smoothing	None	Smoothing	None	Smoothing	None
Date Collected	9/6/2010	Date Collected	9/6/2010	Date Collected	9/6/2010	Date Collected	9/6/2010	Date Collected	9/6/2010	Date Collected	9/6/2010	Date Collected	9/6/2010
Time Collected	11:07:11PM	Time Collected	11:07:17PM	Time Collected	11:07:24PM	Time Collected	11:07:32PM	Time Collected	11:07:39PM	Time Collected	11:07:46PM	Time Collected	11:07:54PM
ss.sss	Value	ss.sss	Value	ss.sss	Value	ss.sss	Value	ss.sss	Value	ss.sss	Value	ss.sss	Value
0.000	0.000	0.000	-0.006	0.000	-0.004	0.000	-0.003	0.000	-0.007	0.000	0.001	0.000	-0.006
60.000	0.000	60.000	-0.006	60.000	-0.004	60.000	-0.004	60.000	-0.007	60.000	0.001	60.000	-0.006
120.000	0.000	120.000	-0.006	120.000	-0.004	120.000	-0.003	120.000	-0.007	120.000	0.001	120.000	-0.006
180.000	0.000	180.000	-0.006	180.000	-0.004	180.000	-0.003	180.000	-0.007	180.000	0.001	180.000	-0.006
240.000	0.000	240.000	-0.006	240.000	-0.004	240.000	-0.003	240.000	-0.007	240.000	0.001	240.000	-0.006
300.000	0.000	300.000	-0.006	300.000	-0.004	300.000	-0.003	300.000	-0.007	300.000	0.001	300.000	-0.006
360.000	0.001	360.000	-0.006	360.000	-0.004	360.000	-0.003	360.000	-0.007	360.000	0.001	360.000	-0.006
420.000	0.001	420.000	-0.006	420.000	-0.004	420.000	-0.003	420.000	-0.007	420.000	0.001	420.000	-0.006
480.000	0.001	480.000	-0.006	480.000	-0.004	480.000	-0.003	480.000	-0.007	480.000	0.001	480.000	-0.006
540.000	0.002	540.000	-0.005	540.000	-0.003	540.000	-0.002	540.000	-0.007	540.000	0.001	540.000	-0.006
600.000	0.002	600.000	-0.005	600.000	-0.004	600.000	-0.002	600.000	-0.007	600.000	0.001	600.000	-0.006
660.000	0.002	660.000	-0.005	660.000	-0.004	660.000	-0.002	660.000	-0.007	660.000	0.001	660.000	-0.006
720.000	0.002	720.000	-0.005	720.000	-0.003	720.000	-0.002	720.000	-0.007	720.000	0.001	720.000	-0.006
780.000	0.002	780.000	-0.005	780.000	-0.003	780.000	-0.002	780.000	-0.006	780.000	0.002	780.000	-0.006
840.000	0.002	840.000	-0.005	840.000	-0.003	840.000	-0.002	840.000	-0.006	840.000	0.001	840.000	-0.006
900.000	0.003	900.000	-0.005	900.000	-0.003	900.000	-0.002	900.000	-0.006	900.000	0.001	900.000	-0.006
960.000	0.003	960.000	-0.004	960.000	-0.003	960.000	-0.003	960.000	-0.006	960.000	0.001	960.000	-0.006
1020.000	0.003	1020.000	-0.004	1020.000	-0.003	1020.000	-0.003	1020.000	-0.006	1020.000	0.002	1020.000	-0.006
1080.000	0.003	1080.000	-0.004	1080.000	-0.003	1080.000	-0.002	1080.000	-0.006	1080.000	0.001	1080.000	-0.006
1140.000	0.003	1140.000	-0.004	1140.000	-0.003	1140.000	-0.002	1140.000	-0.006	1140.000	0.002	1140.000	-0.006
1200.000	0.003	1200.000	-0.004	1200.000	-0.003	1200.000	-0.002	1200.000	-0.006	1200.000	0.002	1200.000	-0.006
1260.000	0.003	1260.000	-0.004	1260.000	-0.002	1260.000	-0.002	1260.000	-0.006	1260.000	0.002	1260.000	-0.006
1320.000	0.003	1320.000	-0.004	1320.000	-0.002	1320.000	-0.002	1320.000	-0.006	1320.000	0.002	1320.000	-0.006
1380.000	0.003	1380.000	-0.004	1380.000	-0.002	1380.000	-0.002	1380.000	-0.005	1380.000	0.002	1380.000	-0.006
1440.000	0.003	1440.000	-0.003	1440.000	-0.003	1440.000	-0.002	1440.000	-0.006	1440.000	0.002	1440.000	-0.006
1500.000	0.003	1500.000	-0.003	1500.000	-0.002	1500.000	-0.002	1500.000	-0.006	1500.000	0.002	1500.000	-0.006
1560.000	0.004	1560.000	-0.003	1560.000	-0.003	1560.000	-0.002	1560.000	-0.005	1560.000	0.002	1560.000	-0.006
1620.000	0.004	1620.000	-0.003	1620.000	-0.002	1620.000	-0.002	1620.000	-0.005	1620.000	0.002	1620.000	-0.006
1680.000	0.004	1680.000	-0.002	1680.000	-0.002	1680.000	-0.002	1680.000	-0.005	1680.000	0.002	1680.000	-0.006
1740.000	0.004	1740.000	-0.003	1740.000	-0.002	1740.000	-0.002	1740.000	-0.005	1740.000	0.002	1740.000	-0.006
1800.000	0.004	1800.000	-0.002	1800.000	-0.002	1800.000	-0.002	1800.000	-0.005	1800.000	0.002	1800.000	-0.006
1860.000	0.004	1860.000	-0.002	1860.000	-0.002	1860.000	-0.002	1860.000	-0.005	1860.000	0.002	1860.000	-0.006
1920.000	0.004	1920.000	-0.002	1920.000	-0.002	1920.000	-0.002	1920.000	-0.005	1920.000	0.002	1920.000	-0.006
1980.000	0.004	1980.000	-0.001	1980.000	-0.001	1980.000	-0.002	1980.000	-0.005	1980.000	0.002	1980.000	-0.006
2040.000	0.004	2040.000	-0.001	2040.000	-0.001	2040.000	-0.002	2040.000	-0.004	2040.000	0.002	2040.000	-0.006
2100.000	0.004	2100.000	-0.001	2100.000	-0.001	2100.000	-0.002	2100.000	-0.004	2100.000	0.002	2100.000	-0.006
2160.000	0.005	2160.000	-0.001	2160.000	-0.001	2160.000	-0.002	2160.000	-0.004	2160.000	0.003	2160.000	-0.006
2220.000	0.004	2220.000	0.000	2220.000	-0.001	2220.000	-0.002	2220.000	-0.004	2220.000	0.002	2220.000	-0.006
2280.000	0.004	2280.000	0.000	2280.000	-0.001	2280.000	-0.002	2280.000	-0.004	2280.000	0.003	2280.000	-0.006
2340.000	0.004	2340.000	0.000	2340.000	-0.001	2340.000	-0.001	2340.000	-0.004	2340.000	0.003	2340.000	-0.006
2400.000	0.005	2400.000	0.000	2400.000	-0.001	2400.000	-0.002	2400.000	-0.004	2400.000	0.003	2400.000	-0.006
2460.000	0.005	2460.000	0.001	2460.000	-0.001	2460.000	-0.002	2460.000	-0.004	2460.000	0.003	2460.000	-0.006
2520.000	0.005	2520.000	0.000	2520.000	0.000	2520.000	-0.002	2520.000	-0.004	2520.000	0.003	2520.000	-0.006
2580.000	0.005	2580.000	0.001	2580.000	0.000	2580.000	-0.001	2580.000	-0.004	2580.000	0.003	2580.000	-0.006
2640.000	0.005	2640.000	0.001	2640.000	0.000	2640.000	-0.001	2640.000	-0.004	2640.000	0.003	2640.000	-0.006
2700.000	0.005	2700.000	0.001	2700.000	0.000	2700.000	-0.002	2700.000	-0.003	2700.000	0.003	2700.000	-0.006
2760.000	0.005	2760.000	0.002	2760.000	0.000	2760.000	-0.002	2760.000	-0.003	2760.000	0.003	2760.000	-0.006
2820.000	0.005	2820.000	0.002	2820.000	0.000	2820.000	-0.002	2820.000	-0.003	2820.000	0.003	2820.000	-0.006
2880.000	0.005	2880.000	0.002	2880.000	0.000	2880.000	-0.002	2880.000	-0.003	2880.000	0.003	2880.000	-0.006
2940.000	0.005	2940.000	0.002	2940.000	0.001	2940.000	-0.002	2940.000	-0.003	2940.000	0.003	2940.000	-0.005
3000.000	0.005	3000.000	0.002	3000.000	0.001	3000.000	-0.001	3000.000	-0.003	3000.000	0.003	3000.000	-0.005
3060.000	0.005	3060.000	0.002	3060.000	0.001	3060.000	-0.001	3060.000	-0.003	3060.000	0.003	3060.000	-0.006
3120.000	0.005	3120.000	0.002	3120.000	0.001	3120.000	-0.001	3120.000	-0.003	3120.000	0.003	3120.000	-0.005
3180.000	0.005	3180.000	0.003	3180.000	0.001	3180.000	-0.001	3180.000	-0.003	3180.000	0.003	3180.000	-0.006
3240.000	0.005	3240.000	0.003	3240.000	0.001	3240.000	-0.001	3240.000	-0.003	3240.000	0.003	3240.000	-0.005
3300.000	0.006	3300.000	0.003	3300.000	0.001	3300.000	-0.001	3300.000	-0.003	3300.000	0.003	3300.000	-0.006
3360.000	0.005	3360.000	0.003	3360.000	0.002	3360.000	-0.001	3360.000	-0.003	3360.000	0.003	3360.000	-0.006
3420.000	0.006	3420.000	0.004	3420.000	0.002	3420.000	-0.001	3420.000	-0.003	3420.000	0.003	3420.000	-0.005
3480.000	0.006	3480.000	0.004	3480.000	0.002	3480.000	-0.001	3480.000	-0.002	3480.000	0.003	3480.000	-0.005
3540.000	0.006	3540.000	0.004	3540.000	0.002	3540.000	-0.001	3540.000	-0.002	3540.000	0.003	3540.000	-0.005
3600.000	0.006	3600.000	0.004	3600.000	0.002	3600.000	-0.001	3600.000	-0.002	3600.000	0.003	3600.000	-0.005
3660.000	0.006	3660.000	0.005	3660.000	0.002	3660.000	-0.002	3660.000	-0.002	3660.000	0.003	3660.000	-0.005
3720.000	0.006	3720.000	0.005	3720.000	0.002	3720.000	-0.001	3720.000	-0.003	3720.000	0.003	3720.000	-0.005
3780.000	0.006	3780.000	0.005	3780.000	0.002	3780.000	-0.001	3780.000	-0.002	3780.000	0.004	3780.000	-0.005
3840.000	0.006	3840.000	0.005	3840.000	0.003	3840.000	-0.001	3840.000	-0.002	3840.000	0.004	3840.000	-0.005
3900.000	0.006	3900.000	0.005	3900.000	0.003	3900.000	-0.001	3900.000	-0.002	3900.000	0.004	3900.000	-0.005
3960.000	0.006	3960.000	0.005	3960.000	0.003	3960.000	-0.001	3960.000	-0.002	3960.000	0.004	3960.000	-0.005
4020.000	0.006	4020.000	0.004	4020.000	0.003	4020.000	-0.001	4020.000	-0.002	4020.000	0.004	4020.000	-0.005
4080.000	0.007	4080.000	0.005	4080.000	0.003	4080.000	-0.001	4080.000	-0.002	4080.000	0.004	4080.000	-0.005
4140.000	0.006	4140.000	0.005	4140.000	0.003	4140.000	-0.001	4140.000	-0.002	4140.000	0.004	4140.000	-0.005
4200.000	0.007	4200.000	0.005	4200.000	0.003	4200.000	-0.001	4200.000	-0.001	4200.000	0.004	4200.000	-0.005
4260.000	0.007	4260.000	0.005	4260.000	0.003	4260.000	-0.001	4260.000	-0.001	4260.000	0.004	4260.000	-0.005
4320.000	0.007	4320.000	0.006	4320.000	0.003	4320.000	-0.001	4320.000	-0.001	4320.000	0.004	4320.000	-0.005
4380.000	0.007	4380.000	0.006	4380.000	0.004	4380.000	-0.001	4380.000	-0.001	4380.000	0.004	4380.000	-0.005
4440.000	0.007	4440.000	0.006	4440.000	0.004	4440.000	-0.001	4440.000	-0.001	4440.000	0.004	4440.000	-0.005
4500.000	0.007	4500.000	0.006	4500.000	0.004	4500.000	-0.001	4500.000	-0.001	4500.000	0.004	4500.000	-0.005
4560.000	0.007	4560.000	0.007	4560.000	0.004	4560.000	-0.001	4560.000	-0.001	4560.000	0.004	4560.000	-0.005
4620.000	0.008	4620.000	0.007	4620.000	0.004	4620.000	-0.001	4620.000	-0.001	4620.000	0.004	4620.000	-0.005
4680.000	0.007	4680.000	0.007	4680.000	0.004	4680.000	-0.001	4680.000	-0.001	4680.000	0.004	4680.000	-0.005
4740.000	0.007	4740.000	0.007	4740.000	0.005	4740.000	-0.001	4740.000	-0.001	4740.000	0.004	4740.000	-0.005
4800.000	0.007	4800.000	0.007	4800.000	0.004	4800.000	-0.001	4800.000	-0.001	4800.000	0.004	4800.000	-0.005
4860.000	0.008	4860.000	0.007	4860.000	0.005	4860.000	-0.001	4860.000	-0.001	4860.000	0.004	4860.000	-0.005
4920.000	0.008	4920.000	0.007	4920.000	0.005	4920.000	-0.001	4920.000	0.000	4920.000	0.005	4920.000	-0.005
4980.000	0.008	4980.000	0.007	4980.000	0.004	4980.000	-0.001	4980.000	0.000	4980.000	0.005	4980.000	-0.005
5040.000	0.008	5040.000	0.008	5040.000	0.005	5040.000	-0.001	5040.000	-0.001	5040.000	0.005	5040.000	-0.005
5100.000	0.008	5100.000	0.008	5100.000	0.005	5100.000	-0.001	5100.000	0.000	5100.000	0.005	5100.000	-0.005
5160.000	0.008	5160.000	0.008	5160.000	0.005	5160.000	-0.001	5160.000	-0.001	5160.000	0.005	5160.000	-0.005
5220.000	0.008	5220.000	0.008	5220.000	0.005	5220.000	-0.001	5220.000	0.000	5220.000	0.005	5220.000	-0.005
5280.000	0.008	5280.000	0.009	5280.000	0.005	5280.000	-0.001	5280.000	0.000	5280.000	0.005	5280.000	-0.005
5340.000	0.008	5340.000	0.009	5340.000	0.005	5340.000	-0.001	5340.000	0.000	5340.000	0.005	5340.000	-0.005
5400.000	0.008	5400.000	0.009	5400.000	0.005	5400.000	-0.001	5400.000	0.000	5400.000	0.006	5400.000	-0.005
5460.000	0.008	5460.000	0.009	5460.000	0.005	5460.000	-0.001	5460.000	0.000	5460.000	0.005	5460.000	-0.005
5520.000	0.008	5520.000	0.009	5520.000	0.006	5520.000	0.000	5520.000	0.000	5520.000	0.005	5520.000	-0.005
5580.000	0.008	5580.000	0.009	5580.000	0.005	5580.000	-0.001	5580.000	0.000	5580.000	0.005	5580.000	-0.005
5640.000	0.008	5640.000	0.009	5640.000	0.006	5640.000	-0.001	5640.000	0.000	5640.000	0.005	5640.000	-0.005
5700.000	0.008	5700.000	0.009	5700.000	0.006	5700.000	0.000	5700.000	0.001	5700.000	0.005	5700.000	-0.005
5760.000	0.008	5760.000	0.009	5760.000	0.006	5760.000	-0.001	5760.000	0.000	5760.000	0.005	5760.000	-0.005
5820.000	0.009	5820.000	0.010	5820.000	0.006	5820.000	-0.001	5820.000	0.001	5820.000	0.005	5820.000	-0.005
5880.000	0.009	5880.000	0.010	5880.000	0.006	5880.000	-0.001	5880.000	0.000	5880.000	0.006	5880.000	-0.005
5940.000	0.008	5940.000	0.010	5940.000	0.006	5940.000	-0.001	5940.000	0.001	5940.000	0.005	5940.000	-0.005
6000.000	0.009	6000.000	0.011	6000.000	0.006	6000.000	0.000	6000.000	0.001	6000.000	0.006	6000.000	-0.005
6060.000	0.009	6060.000	0.011	6060.000	0.006	6060.000	-0.001	6060.000	0.001	6060.000	0.005	6060.000	-0.005
6120.000	0.009	6120.000	0.011	6120.000	0.006	6120.000	0.000	6120.000	0.001	6120.000	0.006	6120.000	-0.005
6180.000	0.009	6180.000	0.011	6180.000	0.006	6180.000	0.000	6180.000	0.001	6180.000	0.006	6180.000	-0.005
6240.000	0.009	6240.000	0.011	6240.000	0.006	6240.000	0.000	6240.000	0.001	6240.000	0.006	6240.000	-0.005
6300.000	0.009	6300.000	0.011	6300.000	0.006	6300.000	0.000	6300.000	0.002	6300.000	0.006	6300.000	-0.005
6360.000	0.009	6360.000	0.012	6360.000	0.006	6360.000	0.000	6360.000	0.001	6360.000	0.006	6360.000	-0.005
6420.000	0.009	6420.000	0.012	6420.000	0.006	6420.000	0.000	6420.000	0.001	6420.000	0.006	6420.000	-0.005
6480.000	0.009	6480.000	0.012	6480.000	0.006	6480.000	0.000	6480.000	0.001	6480.000	0.006	6480.000	-0.005
6540.000	0.009	6540.000	0.012	6540.000	0.007	6540.000	0.000	6540.000	0.001	6540.000	0.006	6540.000	-0.005
6600.000	0.009	6600.000	0.012	6600.000	0.007	6600.000	-0.001	6600.000	0.002	6600.000	0.006	6600.000	-0.004
6660.000	0.009	6660.000	0.013	6660.000	0.007	6660.000	0.000	6660.000	0.002	6660.000	0.006	6660.000	-0.005
6720.000	0.009	6720.000	0.013	6720.000	0.006	6720.000	0.000	6720.000	0.002	6720.000	0.006	6720.000	-0.005
6780.000	0.009	6780.000	0.013	6780.000	0.007	6780.000	0.000	6780.000	0.002	6780.000	0.006	6780.000	-0.005
6840.000	0.009	6840.000	0.013	6840.000	0.007	6840.000	0.000	6840.000	0.002	6840.000	0.006	6840.000	-0.004
6900.000	0.010	6900.000	0.013	6900.000	0.007	6900.000	0.000	6900.000	0.002	6900.000	0.006	6900.000	-0.005
6960.000	0.010	6960.000	0.013	6960.000	0.007	6960.000	0.000	6960.000	0.002	6960.000	0.006	6960.000	-0.005
7020.000	0.010	7020.000	0.013	7020.000	0.007	7020.000	0.000	7020.000	0.002	7020.000	0.007	7020.000	-0.005
7080.000	0.010	7080.000	0.013	7080.000	0.007	7080.000	0.000	7080.000	0.002	7080.000	0.007	7080.000	-0.004
7140.000	0.010	7140.000	0.014	7140.000	0.007	7140.000	0.000	7140.000	0.002	7140.000	0.007	7140.000	-0.005
7200.000	0.010	7200.000	0.014	7200.000	0.007	7200.000	0.000	7200.000	0.002	7200.000	0.007	7200.000	-0.004
7260.000	0.010	7260.000	0.014	7260.000	0.007	7260.000	0.000	7260.000	0.002	7260.000	0.007	7260.000	-0.004
7320.000	0.010	7320.000	0.014	7320.000	0.007	7320.000	0.000	7320.000	0.003	7320.000	0.007	7320.000	-0.005
7380.000	0.010	7380.000	0.015	7380.000	0.007	7380.000	0.000	7380.000	0.003	7380.000	0.007	7380.000	-0.004
7440.000	0.010	7440.000	0.014	7440.000	0.007	7440.000	0.000	7440.000	0.002	7440.000	0.007	7440.000	-0.005
7500.000	0.010	7500.000	0.015	7500.000	0.007	7500.000	0.000	7500.000	0.003	7500.000	0.007	7500.000	-0.004
7560.000	0.010	7560.000	0.015	7560.000	0.007	7560.000	0.000	7560.000	0.003	7560.000	0.007	7560.000	-0.004
7620.000	0.010	7620.000	0.015	7620.000	0.008	7620.000	0.000	7620.000	0.003	7620.000	0.007	7620.000	-0.004
7680.000	0.010	7680.000	0.015	7680.000	0.008	7680.000	0.000	7680.000	0.003	7680.000	0.007	7680.000	-0.004
7740.000	0.010	7740.000	0.015	7740.000	0.008	7740.000	0.000	7740.000	0.003	7740.000	0.007	7740.000	-0.004
7800.000	0.010	7800.000	0.015	7800.000	0.008	7800.000	0.000	7800.000	0.003	7800.000	0.007	7800.000	-0.005
7860.000	0.010	7860.000	0.015	7860.000	0.008	7860.000	0.000	7860.000	0.003	7860.000	0.007	7860.000	-0.004
7920.000	0.010	7920.000	0.015	7920.000	0.008	7920.000	0.000	7920.000	0.003	7920.000	0.007	7920.000	-0.004
7980.000	0.011	7980.000	0.016	7980.000	0.008	7980.000	0.000	7980.000	0.003	7980.000	0.007	7980.000	-0.004
8040.000	0.010	8040.000	0.016	8040.000	0.008	8040.000	0.000	8040.000	0.004	8040.000	0.007	8040.000	-0.004
8100.000	0.011	8100.000	0.016	8100.000	0.008	8100.000	0.000	8100.000	0.003	8100.000	0.007	8100.000	-0.004
8160.000	0.010	8160.000	0.016	8160.000	0.008	8160.000	0.000	8160.000	0.003	8160.000	0.008	8160.000	-0.005
8220.000	0.011	8220.000	0.016	8220.000	0.008	8220.000	0.000	8220.000	0.004	8220.000	0.007	8220.000	-0.004
8280.000	0.011	8280.000	0.016	8280.000	0.008	8280.000	0.000	8280.000	0.004	8280.000	0.008	8280.000	-0.004
8340.000	0.010	8340.000	0.016	8340.000	0.008	8340.000	0.001	8340.000	0.004	8340.000	0.008	8340.000	-0.005
8400.000	0.011	8400.000	0.016	8400.000	0.008	8400.000	0.000	8400.000	0.004	8400.000	0.008	8400.000	-0.004
8460.000	0.011	8460.000	0.017	8460.000	0.009	8460.000	0.001	8460.000	0.004	8460.000	0.008	8460.000	-0.004
8520.000	0.011	8520.000	0.017	8520.000	0.008	8520.000	0.000	8520.000	0.004	8520.000	0.008	8520.000	-0.004
8580.000	0.011	8580.000	0.017	8580.000	0.008	8580.000	0.000	8580.000	0.004	8580.000	0.008	8580.000	-0.004
8640.000	0.011	8640.000	0.017	8640.000	0.008	8640.000	0.001	8640.000	0.004	8640.000	0.008	8640.000	-0.004
8700.000	0.011	8700.000	0.017	8700.000	0.008	8700.000	0.000	8700.000	0.004	8700.000	0.008	8700.000	-0.004
8760.000	0.011	8760.000	0.017	8760.000	0.009	8760.000	0.000	8760.000	0.004	8760.000	0.008	8760.000	-0.004
8820.000	0.011	8820.000	0.017	8820.000	0.009	8820.000	0.001	8820.000	0.004	8820.000	0.008	8820.000	-0.004
8880.000	0.011	8880.000	0.017	8880.000	0.009	8880.000	0.001	8880.000	0.005	8880.000	0.008	8880.000	-0.004
8940.000	0.011	8940.000	0.017	8940.000	0.009	8940.000	0.001	8940.000	0.005	8940.000	0.008	8940.000	-0.004
9000.000	0.011	9000.000	0.017	9000.000	0.009	9000.000	0.000	9000.000	0.005	9000.000	0.008	9000.000	-0.004
9060.000	0.012	9060.000	0.018	9060.000	0.009	9060.000	0.001	9060.000	0.005	9060.000	0.008	9060.000	-0.004
9120.000	0.012	9120.000	0.018	9120.000	0.009	9120.000	0.001	9120.000	0.005	9120.000	0.009	9120.000	-0.004
9180.000	0.012	9180.000	0.018	9180.000	0.009	9180.000	0.001	9180.000	0.005	9180.000	0.008	9180.000	-0.004
9240.000	0.011	9240.000	0.018	9240.000	0.009	9240.000	0.000	9240.000	0.005	9240.000	0.008	9240.000	-0.004
9300.000	0.012	9300.000	0.018	9300.000	0.009	9300.000	0.001	9300.000	0.005	9300.000	0.008	9300.000	-0.004
9360.000	0.012	9360.000	0.018	9360.000	0.009	9360.000	0.001	9360.000	0.005	9360.000	0.009	9360.000	-0.004
9420.000	0.012	9420.000	0.018	9420.000	0.009	9420.000	0.001	9420.000	0.005	9420.000	0.009	9420.000	-0.004
9480.000	0.012	9480.000	0.018	9480.000	0.009	9480.000	0.001	9480.000	0.005	9480.000	0.009	9480.000	-0.004
9540.000	0.012	9540.000	0.018	9540.000	0.009	9540.000	0.001	9540.000	0.005	9540.000	0.009	9540.000	-0.004
9600.000	0.012	9600.000	0.019	9600.000	0.009	9600.000	0.001	9600.000	0.005	9600.000	0.009	9600.000	-0.004
9660.000	0.012	9660.000	0.016	9660.000	0.009	9660.000	0.001	9660.000	0.006	9660.000	0.009	9660.000	-0.004
9720.000	0.012	9720.000	0.014	9720.000	0.009	9720.000	0.001	9720.000	0.005	9720.000	0.009	9720.000	-0.004
9780.000	0.012	9780.000	0.014	9780.000	0.009	9780.000	0.001	9780.000	0.006	9780.000	0.009	9780.000	-0.004
9840.000	0.012	9840.000	0.014	9840.000	0.009	9840.000	0.001	9840.000	0.006	9840.000	0.009	9840.000	-0.004
9900.000	0.012	9900.000	0.015	9900.000	0.010	9900.000	0.001	9900.000	0.006	9900.000	0.009	9900.000	-0.004
9960.000	0.012	9960.000	0.015	9960.000	0.010	9960.000	0.001	9960.000	0.006	9960.000	0.009	9960.000	-0.004
10020.000	0.013	10020.000	0.015	10020.000	0.010	10020.000	0.001	10020.000	0.006	10020.000	0.009	10020.000	-0.004
10080.000	0.012	10080.000	0.015	10080.000	0.010	10080.000	0.001	10080.000	0.006	10080.000	0.009	10080.000	-0.004
10140.000	0.012	10140.000	0.015	10140.000	0.010	10140.000	0.001	10140.000	0.006	10140.000	0.009	10140.000	-0.004
10200.000	0.012	10200.000	0.015	10200.000	0.009	10200.000	0.001	10200.000	0.006	10200.000	0.009	10200.000	-0.004
10260.000	0.013	10260.000	0.015	10260.000	0.009	10260.000	0.001	10260.000	0.006	10260.000	0.009	10260.000	-0.004
10320.000	0.013	10320.000	0.015	10320.000	0.010	10320.000	0.001	10320.000	0.006	10320.000	0.009	10320.000	-0.004
10380.000	0.013	10380.000	0.016	10380.000	0.010	10380.000	0.001	10380.000	0.006	10380.000	0.009	10380.000	-0.004
10440.000	0.013	10440.000	0.015	10440.000	0.010	10440.000	0.001	10440.000	0.006	10440.000	0.009	10440.000	-0.004
10500.000	0.013	10500.000	0.015	10500.000	0.010	10500.000	0.001	10500.000	0.006	10500.000	0.009	10500.000	-0.004
10560.000	0.013	10560.000	0.015	10560.000	0.010	10560.000	0.001	10560.000	0.007	10560.000	0.009	10560.000	-0.004
10620.000	0.013	10620.000	0.015	10620.000	0.010	10620.000	0.001	10620.000	0.007	10620.000	0.010	10620.000	-0.004
10680.000	0.013	10680.000	0.016	10680.000	0.010	10680.000	0.001	10680.000	0.007	10680.000	0.010	10680.000	-0.004
10740.000	0.013	10740.000	0.016	10740.000	0.010	10740.000	0.001	10740.000	0.007	10740.000	0.010	10740.000	-0.004
10800.000	0.013	10800.000	0.016	10800.000	0.010	10800.000	0.001	10800.000	0.007	10800.000	0.010	10800.000	-0.004
10860.000	0.013	10860.000	0.016	10860.000	0.010	10860.000	0.001	10860.000	0.007	10860.000	0.010	10860.000	-0.004
10920.000	0.013	10920.000	0.016	10920.000	0.010	10920.000	0.001	10920.000	0.007	10920.000	0.010	10920.000	-0.004
10980.000	0.013	10980.000	0.016	10980.000	0.010	10980.000	0.001	10980.000	0.007	10980.000	0.010	10980.000	-0.004
11040.000	0.013	11040.000	0.016	11040.000	0.010	11040.000	0.001	11040.000	0.007	11040.000	0.010	11040.000	-0.004
11100.000	0.013	11100.000	0.016	11100.000	0.010	11100.000	0.001	11100.000	0.007	11100.000	0.010	11100.000	-0.004
11160.000	0.013	11160.000	0.016	11160.000	0.010	11160.000	0.001	11160.000	0.007	11160.000	0.010	11160.000	-0.004
11220.000	0.014	11220.000	0.016	11220.000	0.010	11220.000	0.001	11220.000	0.007	11220.000	0.010	11220.000	-0.004
11280.000	0.014	11280.000	0.016	11280.000	0.010	11280.000	0.002	11280.000	0.007	11280.000	0.010	11280.000	-0.004
11340.000	0.014	11340.000	0.016	11340.000	0.010	11340.000	0.001	11340.000	0.008	11340.000	0.010	11340.000	-0.004
11400.000	0.014	11400.000	0.016	11400.000	0.010	11400.000	0.001	11400.000	0.007	11400.000	0.010	11400.000	-0.004
11460.000	0.014	11460.000	0.017	11460.000	0.010	11460.000	0.001	11460.000	0.008	11460.000	0.011	11460.000	-0.004
11520.000	0.013	11520.000	0.016	11520.000	0.010	11520.000	0.002	11520.000	0.007	11520.000	0.010	11520.000	-0.003
11580.000	0.013	11580.000	0.017	11580.000	0.010	11580.000	0.002	11580.000	0.008	11580.000	0.010	11580.000	-0.003
11640.000	0.014	11640.000	0.017	11640.000	0.011	11640.000	0.001	11640.000	0.008	11640.000	0.011	11640.000	-0.003
11700.000	0.014	11700.000	0.017	11700.000	0.010	11700.000	0.001	11700.000	0.008	11700.000	0.011	11700.000	-0.004
11760.000	0.014	11760.000	0.017	11760.000	0.011	11760.000	0.001	11760.000	0.008	11760.000	0.010	11760.000	-0.004
11820.000	0.014	11820.000	0.017	11820.000	0.010	11820.000	0.002	11820.000	0.008	11820.000	0.011	11820.000	-0.004
11880.000	0.014	11880.000	0.017	11880.000	0.011	11880.000	0.002	11880.000	0.008	11880.000	0.011	11880.000	-0.004
11940.000	0.014	11940.000	0.017	11940.000	0.011	11940.000	0.002	11940.000	0.008	11940.000	0.011	11940.000	-0.004
12000.000	0.014	12000.000	0.017	12000.000	0.011	12000.000	0.002	12000.000	0.008	12000.000	0.011	12000.000	-0.003
12060.000	0.014	12060.000	0.017	12060.000	0.011	12060.000	0.001	12060.000	0.008	12060.000	0.011	12060.000	-0.003
12120.000	0.014	12120.000	0.017	12120.000	0.011	12120.000	0.001	12120.000	0.008	12120.000	0.011	12120.000	-0.004
12180.000	0.014	12180.000	0.017	12180.000	0.011	12180.000	0.001	12180.000	0.008	12180.000	0.011	12180.000	-0.003
12240.000	0.014	12240.000	0.017	12240.000	0.011	12240.000	0.001	12240.000	0.008	12240.000	0.011	12240.000	-0.003
12300.000	0.014	12300.000	0.017	12300.000	0.011	12300.000	0.002	12300.000	0.009	12300.000	0.011	12300.000	-0.003
12360.000	0.014	12360.000	0.017	12360.000	0.011	12360.000	0.002	12360.000	0.008	12360.000	0.011	12360.000	-0.003
12420.000	0.015	12420.000	0.018	12420.000	0.011	12420.000	0.002	12420.000	0.009	12420.000	0.011	12420.000	-0.003
12480.000	0.015	12480.000	0.018	12480.000	0.011	12480.000	0.002	12480.000	0.008	12480.000	0.011	12480.000	-0.003
12540.000	0.015	12540.000	0.017	12540.000	0.011	12540.000	0.002	12540.000	0.009	12540.000	0.011	12540.000	-0.003
12600.000	0.015	12600.000	0.018	12600.000	0.011	12600.000	0.002	12600.000	0.009	12600.000	0.012	12600.000	-0.003
12660.000	0.015	12660.000	0.018	12660.000	0.011	12660.000	0.002	12660.000	0.009	12660.000	0.011	12660.000	-0.003
12720.000	0.015	12720.000	0.018	12720.000	0.011	12720.000	0.002	12720.000	0.009	12720.000	0.011	12720.000	-0.003
12780.000	0.015	12780.000	0.018	12780.000	0.011	12780.000	0.002	12780.000	0.009	12780.000	0.012	12780.000	-0.003
12840.000	0.015	12840.000	0.018	12840.000	0.011	12840.000	0.002	12840.000	0.009	12840.000	0.012	12840.000	-0.003
12900.000	0.015	12900.000	0.018	12900.000	0.011	12900.000	0.002	12900.000	0.009	12900.000	0.011	12900.000	-0.003
12960.000	0.015	12960.000	0.018	12960.000	0.011	12960.000	0.002	12960.000	0.009	12960.000	0.012	12960.000	-0.003
13020.000	0.015	13020.000	0.018	13020.000	0.011	13020.000	0.002	13020.000	0.009	13020.000	0.012	13020.000	-0.003
13080.000	0.015	13080.000	0.018	13080.000	0.011	13080.000	0.002	13080.000	0.009	13080.000	0.012	13080.000	-0.003
13140.000	0.015	13140.000	0.018	13140.000	0.011	13140.000	0.002	13140.000	0.010	13140.000	0.012	13140.000	-0.003
13200.000	0.015	13200.000	0.018	13200.000	0.012	13200.000	0.002	13200.000	0.009	13200.000	0.012	13200.000	-0.003
13260.000	0.015	13260.000	0.018	13260.000	0.011	13260.000	0.002	13260.000	0.010	13260.000	0.012	13260.000	-0.003
13320.000	0.015	13320.000	0.018	13320.000	0.011	13320.000	0.002	13320.000	0.010	13320.000	0.012	13320.000	-0.003
13380.000	0.015	13380.000	0.018	13380.000	0.011	13380.000	0.002	13380.000	0.010	13380.000	0.012	13380.000	-0.003
13440.000	0.015	13440.000	0.019	13440.000	0.012	13440.000	0.002	13440.000	0.010	13440.000	0.012	13440.000	-0.003
13500.000	0.016	13500.000	0.017	13500.000	0.011	13500.000	0.002	13500.000	0.010	13500.000	0.012	13500.000	-0.003
13560.000	0.015	13560.000	0.017	13560.000	0.011	13560.000	0.002	13560.000	0.010	13560.000	0.012	13560.000	-0.003
13620.000	0.015	13620.000	0.017	13620.000	0.012	13620.000	0.002	13620.000	0.010	13620.000	0.012	13620.000	-0.003
13680.000	0.015	13680.000	0.017	13680.000	0.012	13680.000	0.002	13680.000	0.010	13680.000	0.012	13680.000	-0.003
13740.000	0.016	13740.000	0.017	13740.000	0.012	13740.000	0.002	13740.000	0.010	13740.000	0.012	13740.000	-0.003
13800.000	0.016	13800.000	0.016	13800.000	0.012	13800.000	0.002	13800.000	0.010	13800.000	0.013	13800.000	-0.003
13860.000	0.016	13860.000	0.016	13860.000	0.012	13860.000	0.002	13860.000	0.010	13860.000	0.013	13860.000	-0.003
13920.000	0.016	13920.000	0.016	13920.000	0.012	13920.000	0.002	13920.000	0.010	13920.000	0.013	13920.000	-0.003
13980.000	0.016	13980.000	0.016	13980.000	0.012	13980.000	0.002	13980.000	0.010	13980.000	0.013	13980.000	-0.003
14040.000	0.016	14040.000	0.016	14040.000	0.012	14040.000	0.002	14040.000	0.010	14040.000	0.013	14040.000	-0.003
14100.000	0.016	14100.000	0.016	14100.000	0.012	14100.000	0.002	14100.000	0.010	14100.000	0.013	14100.000	-0.003
14160.000	0.016	14160.000	0.016	14160.000	0.012	14160.000	0.002	14160.000	0.010	14160.000	0.013	14160.000	-0.003
14220.000	0.016	14220.000	0.016	14220.000	0.012	14220.000	0.002	14220.000	0.011	14220.000	0.013	14220.000	-0.003
14280.000	0.016	14280.000	0.016	14280.000	0.012	14280.000	0.002	14280.000	0.011	14280.000	0.013	14280.000	-0.003
14340.000	0.016	14340.000	0.016	14340.000	0.012	14340.000	0.002	14340.000	0.011	14340.000	0.013	14340.000	-0.003
14400.000	0.016	14400.000	0.016	14400.000	0.012	14400.000	0.002	14400.000	0.010	14400.000	0.013	14400.000	-0.003
14460.000	0.016	14460.000	0.016	14460.000	0.012	14460.000	0.002	14460.000	0.011	14460.000	0.014	14460.000	-0.002
14520.000	0.016	14520.000	0.016	14520.000	0.012	14520.000	0.002	14520.000	0.011	14520.000	0.013	14520.000	-0.003
14580.000	0.016	14580.000	0.016	14580.000	0.012	14580.000	0.002	14580.000	0.011	14580.000	0.013	14580.000	-0.003
14640.000	0.016	14640.000	0.016	14640.000	0.012	14640.000	0.002	14640.000	0.011	14640.000	0.013	14640.000	-0.002
14700.000	0.016	14700.000	0.016	14700.000	0.013	14700.000	0.002	14700.000	0.011	14700.000	0.014	14700.000	-0.002
14760.000	0.017	14760.000	0.016	14760.000	0.012	14760.000	0.002	14760.000	0.011	14760.000	0.013	14760.000	-0.002
14820.000	0.017	14820.000	0.016	14820.000	0.012	14820.000	0.003	14820.000	0.011	14820.000	0.014	14820.000	-0.002
14880.000	0.017	14880.000	0.016	14880.000	0.012	14880.000	0.003	14880.000	0.011	14880.000	0.013	14880.000	-0.002
14940.000	0.016	14940.000	0.016	14940.000	0.012	14940.000	0.003	14940.000	0.011	14940.000	0.014	14940.000	-0.002
15000.000	0.016	15000.000	0.016	15000.000	0.012	15000.000	0.002	15000.000	0.011	15000.000	0.014	15000.000	-0.002
15060.000	0.017	15060.000	0.016	15060.000	0.012	15060.000	0.002	15060.000	0.011	15060.000	0.013	15060.000	-0.002
15120.000	0.017	15120.000	0.016	15120.000	0.013	15120.000	0.003	15120.000	0.011	15120.000	0.014	15120.000	-0.002
15180.000	0.017	15180.000	0.017	15180.000	0.012	15180.000	0.002	15180.000	0.012	15180.000	0.014	15180.000	-0.002
15240.000	0.017	15240.000	0.017	15240.000	0.013	15240.000	0.002	15240.000	0.011	15240.000	0.014	15240.000	-0.002
15300.000	0.017	15300.000	0.017	15300.000	0.013	15300.000	0.003	15300.000	0.012	15300.000	0.014	15300.000	-0.002
15360.000	0.017	15360.000	0.017	15360.000	0.013	15360.000	0.002	15360.000	0.012	15360.000	0.014	15360.000	-0.003
15420.000	0.017	15420.000	0.016	15420.000	0.013	15420.000	0.003	15420.000	0.012	15420.000	0.014	15420.000	-0.002
15480.000	0.017	15480.000	0.017	15480.000	0.013	15480.000	0.003	15480.000	0.012	15480.000	0.014	15480.000	-0.002
15540.000	0.017	15540.000	0.017	15540.000	0.013	15540.000	0.003	15540.000	0.012	15540.000	0.014	15540.000	-0.002
15600.000	0.017	15600.000	0.017	15600.000	0.013	15600.000	0.003	15600.000	0.012	15600.000	0.014	15600.000	-0.002
15660.000	0.017	15660.000	0.017	15660.000	0.013	15660.000	0.003	15660.000	0.012	15660.000	0.014	15660.000	-0.002
15720.000	0.017	15720.000	0.017	15720.000	0.013	15720.000	0.003	15720.000	0.012	15720.000	0.014	15720.000	-0.002
15780.000	0.017	15780.000	0.017	15780.000	0.013	15780.000	0.003	15780.000	0.012	15780.000	0.014	15780.000	-0.002
15840.000	0.017	15840.000	0.017	15840.000	0.013	15840.000	0.003	15840.000	0.012	15840.000	0.014	15840.000	-0.002
15900.000	0.017	15900.000	0.017	15900.000	0.013	15900.000	0.003	15900.000	0.012	15900.000	0.014	15900.000	-0.002
15960.000	0.017	15960.000	0.017	15960.000	0.013	15960.000	0.003	15960.000	0.012	15960.000	0.014	15960.000	-0.002
16020.000	0.017	16020.000	0.017	16020.000	0.013	16020.000	0.003	16020.000	0.012	16020.000	0.014	16020.000	-0.002
16080.000	0.017	16080.000	0.017	16080.000	0.013	16080.000	0.003	16080.000	0.012	16080.000	0.015	16080.000	-0.002
16140.000	0.018	16140.000	0.018	16140.000	0.013	16140.000	0.003	16140.000	0.012	16140.000	0.015	16140.000	-0.002
16200.000	0.017	16200.000	0.017	16200.000	0.013	16200.000	0.003	16200.000	0.013	16200.000	0.015	16200.000	-0.002
16260.000	0.018	16260.000	0.017	16260.000	0.013	16260.000	0.003	16260.000	0.012	16260.000	0.015	16260.000	-0.002
16320.000	0.018	16320.000	0.018	16320.000	0.013	16320.000	0.003	16320.000	0.012	16320.000	0.014	16320.000	-0.002
16380.000	0.018	16380.000	0.017	16380.000	0.013	16380.000	0.003	16380.000	0.013	16380.000	0.015	16380.000	-0.002
16440.000	0.018	16440.000	0.017	16440.000	0.013	16440.000	0.003	16440.000	0.013	16440.000	0.015	16440.000	-0.002
16500.000	0.018	16500.000	0.018	16500.000	0.013	16500.000	0.003	16500.000	0.013	16500.000	0.015	16500.000	-0.002
16560.000	0.018	16560.000	0.017	16560.000	0.013	16560.000	0.003	16560.000	0.013	16560.000	0.015	16560.000	-0.002
16620.000	0.018	16620.000	0.018	16620.000	0.013	16620.000	0.003	16620.000	0.013	16620.000	0.015	16620.000	-0.002
16680.000	0.018	16680.000	0.017	16680.000	0.013	16680.000	0.003	16680.000	0.013	16680.000	0.015	16680.000	-0.001
16740.000	0.018	16740.000	0.018	16740.000	0.013	16740.000	0.003	16740.000	0.013	16740.000	0.015	16740.000	-0.002
16800.000	0.018	16800.000	0.018	16800.000	0.013	16800.000	0.003	16800.000	0.013	16800.000	0.015	16800.000	-0.001
16860.000	0.018	16860.000	0.018	16860.000	0.013	16860.000	0.003	16860.000	0.013	16860.000	0.015	16860.000	-0.002
16920.000	0.018	16920.000	0.018	16920.000	0.014	16920.000	0.003	16920.000	0.013	16920.000	0.015	16920.000	-0.002
16980.000	0.018	16980.000	0.018	16980.000	0.013	16980.000	0.003	16980.000	0.013	16980.000	0.015	16980.000	-0.001
17040.000	0.019	17040.000	0.018	17040.000	0.013	17040.000	0.003	17040.000	0.014	17040.000	0.015	17040.000	-0.002
17100.000	0.019	17100.000	0.018	17100.000	0.014	17100.000	0.003	17100.000	0.014	17100.000	0.015	17100.000	-0.002
17160.000	0.018	17160.000	0.018	17160.000	0.013	17160.000	0.003	17160.000	0.013	17160.000	0.015	17160.000	-0.001
17220.000	0.019	17220.000	0.018	17220.000	0.014	17220.000	0.003	17220.000	0.014	17220.000	0.015	17220.000	-0.001
17280.000	0.019	17280.000	0.018	17280.000	0.013	17280.000	0.003	17280.000	0.014	17280.000	0.016	17280.000	-0.002
17340.000	0.019	17340.000	0.019	17340.000	0.014	17340.000	0.003	17340.000	0.014	17340.000	0.015	17340.000	-0.001
17400.000	0.019	17400.000	0.018	17400.000	0.014	17400.000	0.003	17400.000	0.014	17400.000	0.015	17400.000	-0.002
17460.000	0.019	17460.000	0.018	17460.000	0.014	17460.000	0.003	17460.000	0.014	17460.000	0.015	17460.000	-0.001
17520.000	0.019	17520.000	0.019	17520.000	0.014	17520.000	0.003	17520.000	0.014	17520.000	0.016	17520.000	-0.002
17580.000	0.019	17580.000	0.018	17580.000	0.014	17580.000	0.003	17580.000	0.014	17580.000	0.016	17580.000	-0.001
17640.000	0.019	17640.000	0.018	17640.000	0.014	17640.000	0.003	17640.000	0.014	17640.000	0.016	17640.000	-0.001
17700.000	0.019	17700.000	0.019	17700.000	0.014	17700.000	0.003	17700.000	0.014	17700.000	0.016	17700.000	-0.001
17760.000	0.019	17760.000	0.019	17760.000	0.014	17760.000	0.003	17760.000	0.014	17760.000	0.016	17760.000	-0.001
17820.000	0.019	17820.000	0.018	17820.000	0.014	17820.000	0.003	17820.000	0.014	17820.000	0.016	17820.000	-0.001
17880.000	0.019	17880.000	0.019	17880.000	0.014	17880.000	0.003	17880.000	0.014	17880.000	0.016	17880.000	-0.001
17940.000	0.019	17940.000	0.019	17940.000	0.014	17940.000	0.003	17940.000	0.014	17940.000	0.016	17940.000	-0.001
18000.000	0.019	18000.000	0.019	18000.000	0.014	18000.000	0.003	18000.000	0.015	18000.000	0.016	18000.000	-0.001
18060.000	0.019	18060.000	0.019	18060.000	0.014	18060.000	0.003	18060.000	0.014	18060.000	0.016	18060.000	-0.001
18120.000	0.019	18120.000	0.019	18120.000	0.014	18120.000	0.003	18120.000	0.015	18120.000	0.016	18120.000	-0.001
18180.000	0.019	18180.000	0.019	18180.000	0.014	18180.000	0.003	18180.000	0.015	18180.000	0.016	18180.000	-0.001
18240.000	0.019	18240.000	0.019	18240.000	0.014	18240.000	0.003	18240.000	0.015	18240.000	0.016	18240.000	-0.001
18300.000	0.019	18300.000	0.019	18300.000	0.014	18300.000	0.003	18300.000	0.015	18300.000	0.016	18300.000	-0.001
18360.000	0.019	18360.000	0.019	18360.000	0.014	18360.000	0.003	18360.000	0.015	18360.000	0.016	18360.000	-0.001
18420.000	0.019	18420.000	0.019	18420.000	0.014	18420.000	0.003	18420.000	0.015	18420.000	0.016	18420.000	-0.001
18480.000	0.019	18480.000	0.019	18480.000	0.014	18480.000	0.003	18480.000	0.015	18480.000	0.016	18480.000	-0.001
18540.000	0.020	18540.000	0.019	18540.000	0.014	18540.000	0.003	18540.000	0.015	18540.000	0.016	18540.000	-0.001
18600.000	0.020	18600.000	0.019	18600.000	0.015	18600.000	0.003	18600.000	0.015	18600.000	0.017	18600.000	-0.001
18660.000	0.020	18660.000	0.019	18660.000	0.014	18660.000	0.004	18660.000	0.015	18660.000	0.017	18660.000	-0.001
18720.000	0.020	18720.000	0.019	18720.000	0.014	18720.000	0.003	18720.000	0.015	18720.000	0.016	18720.000	-0.001
18780.000	0.020	18780.000	0.020	18780.000	0.015	18780.000	0.003	18780.000	0.015	18780.000	0.017	18780.000	-0.001
18840.000	0.020	18840.000	0.020	18840.000	0.015	18840.000	0.003	18840.000	0.015	18840.000	0.017	18840.000	-0.001
18900.000	0.020	18900.000	0.020	18900.000	0.015	18900.000	0.003	18900.000	0.015	18900.000	0.017	18900.000	-0.001
18960.000	0.020	18960.000	0.019	18960.000	0.014	18960.000	0.003	18960.000	0.015	18960.000	0.017	18960.000	-0.001
19020.000	0.020	19020.000	0.020	19020.000	0.014	19020.000	0.004	19020.000	0.016	19020.000	0.017	19020.000	-0.001
19080.000	0.020	19080.000	0.019	19080.000	0.015	19080.000	0.004	19080.000	0.015	19080.000	0.017	19080.000	-0.001
19140.000	0.020	19140.000	0.020	19140.000	0.015	19140.000	0.003	19140.000	0.016	19140.000	0.017	19140.000	-0.001
19200.000	0.020	19200.000	0.020	19200.000	0.015	19200.000	0.003	19200.000	0.016	19200.000	0.017	19200.000	-0.001
19260.000	0.020	19260.000	0.020	19260.000	0.015	19260.000	0.004	19260.000	0.016	19260.000	0.017	19260.000	-0.001
19320.000	0.020	19320.000	0.020	19320.000	0.015	19320.000	0.004	19320.000	0.015	19320.000	0.017	19320.000	-0.001
19380.000	0.020	19380.000	0.020	19380.000	0.015	19380.000	0.004	19380.000	0.015	19380.000	0.017	19380.000	-0.001
19440.000	0.020	19440.000	0.020	19440.000	0.015	19440.000	0.004	19440.000	0.016	19440.000	0.017	19440.000	-0.001
19500.000	0.020	19500.000	0.020	19500.000	0.015	19500.000	0.004	19500.000	0.016	19500.000	0.017	19500.000	-0.001
19560.000	0.020	19560.000	0.020	19560.000	0.015	19560.000	0.003	19560.000	0.016	19560.000	0.017	19560.000	-0.001
19620.000	0.020	19620.000	0.020	19620.000	0.015	19620.000	0.004	19620.000	0.016	19620.000	0.017	19620.000	-0.001
19680.000	0.021	19680.000	0.020	19680.000	0.015	19680.000	0.004	19680.000	0.016	19680.000	0.017	19680.000	-0.001
19740.000	0.021	19740.000	0.020	19740.000	0.015	19740.000	0.003	19740.000	0.016	19740.000	0.018	19740.000	-0.001
19800.000	0.021	19800.000	0.020	19800.000	0.015	19800.000	0.004	19800.000	0.016	19800.000	0.017	19800.000	-0.001
19860.000	0.020	19860.000	0.020	19860.000	0.015	19860.000	0.004	19860.000	0.016	19860.000	0.017	19860.000	-0.001
19920.000	0.021	19920.000	0.020	19920.000	0.015	19920.000	0.004	19920.000	0.016	19920.000	0.017	19920.000	-0.001
19980.000	0.021	19980.000	0.020	19980.000	0.015	19980.000	0.004	19980.000	0.016	19980.000	0.017	19980.000	-0.001
20040.000	0.021	20040.000	0.020	20040.000	0.015	20040.000	0.004	20040.000	0.016	20040.000	0.018	20040.000	0.000
20100.000	0.021	20100.000	0.020	20100.000	0.015	20100.000	0.004	20100.000	0.016	20100.000	0.017	20100.000	-0.001
20160.000	0.021	20160.000	0.021	20160.000	0.015	20160.000	0.004	20160.000	0.016	20160.000	0.018	20160.000	-0.001
20220.000	0.021	20220.000	0.021	20220.000	0.015	20220.000	0.004	20220.000	0.017	20220.000	0.018	20220.000	-0.001
20280.000	0.021	20280.000	0.021	20280.000	0.015	20280.000	0.004	20280.000	0.017	20280.000	0.017	20280.000	-0.001
20340.000	0.021	20340.000	0.021	20340.000	0.015	20340.000	0.004	20340.000	0.017	20340.000	0.018	20340.000	-0.001
20400.000	0.021	20400.000	0.021	20400.000	0.015	20400.000	0.004	20400.000	0.017	20400.000	0.018	20400.000	-0.001
20460.000	0.021	20460.000	0.020	20460.000	0.015	20460.000	0.004	20460.000	0.016	20460.000	0.018	20460.000	-0.001
20520.000	0.021	20520.000	0.021	20520.000	0.015	20520.000	0.003	20520.000	0.017	20520.000	0.018	20520.000	0.000
20580.000	0.021	20580.000	0.021	20580.000	0.016	20580.000	0.004	20580.000	0.017	20580.000	0.018	20580.000	0.000
20640.000	0.021	20640.000	0.021	20640.000	0.015	20640.000	0.004	20640.000	0.017	20640.000	0.018	20640.000	-0.001
20700.000	0.021	20700.000	0.021	20700.000	0.015	20700.000	0.004	20700.000	0.017	20700.000	0.018	20700.000	0.000
20760.000	0.021	20760.000	0.021	20760.000	0.016	20760.000	0.004	20760.000	0.017	20760.000	0.018	20760.000	0.000
20820.000	0.021	20820.000	0.021	20820.000	0.015	20820.000	0.004	20820.000	0.017	20820.000	0.018	20820.000	0.000
20880.000	0.022	20880.000	0.021	20880.000	0.015	20880.000	0.004	20880.000	0.017	20880.000	0.018	20880.000	0.000
20940.000	0.022	20940.000	0.021	20940.000	0.016	20940.000	0.004	20940.000	0.017	20940.000	0.018	20940.000	0.000
21000.000	0.022	21000.000	0.021	21000.000	0.016	21000.000	0.004	21000.000	0.017	21000.000	0.018	21000.000	0.000
21060.000	0.021	21060.000	0.021	21060.000	0.015	21060.000	0.004	21060.000	0.017	21060.000	0.018	21060.000	0.000
21120.000	0.022	21120.000	0.021	21120.000	0.015	21120.000	0.004	21120.000	0.017	21120.000	0.018	21120.000	0.000
21180.000	0.022	21180.000	0.021	21180.000	0.016	21180.000	0.004	21180.000	0.017	21180.000	0.019	21180.000	0.000
21240.000	0.022	21240.000	0.021	21240.000	0.016	21240.000	0.004	21240.000	0.017	21240.000	0.018	21240.000	0.000
21300.000	0.022	21300.000	0.021	21300.000	0.016	21300.000	0.004	21300.000	0.017	21300.000	0.018	21300.000	0.000
21360.000	0.022	21360.000	0.021	21360.000	0.016	21360.000	0.004	21360.000	0.017	21360.000	0.018	21360.000	0.000
21420.000	0.022	21420.000	0.021	21420.000	0.016	21420.000	0.004	21420.000	0.017	21420.000	0.019	21420.000	0.000
21480.000	0.022	21480.000	0.021	21480.000	0.016	21480.000	0.004	21480.000	0.017	21480.000	0.019	21480.000	0.000
21540.000	0.022	21540.000	0.021	21540.000	0.016	21540.000	0.004	21540.000	0.018	21540.000	0.019	21540.000	0.000
21600.000	0.022	21600.000	0.021	21600.000	0.016	21600.000	0.004	21600.000	0.018	21600.000	0.019	21600.000	0.000
21660.000	0.022	21660.000	0.022	21660.000	0.016	21660.000	0.004	21660.000	0.018	21660.000	0.019	21660.000	0.000
21720.000	0.022	21720.000	0.022	21720.000	0.016	21720.000	0.004	21720.000	0.018	21720.000	0.019	21720.000	0.000
21780.000	0.022	21780.000	0.022	21780.000	0.016	21780.000	0.004	21780.000	0.018	21780.000	0.019	21780.000	0.000
21840.000	0.022	21840.000	0.022	21840.000	0.016	21840.000	0.004	21840.000	0.018	21840.000	0.019	21840.000	0.000
21900.000	0.022	21900.000	0.022	21900.000	0.016	21900.000	0.004	21900.000	0.018	21900.000	0.019	21900.000	0.000
21960.000	0.022	21960.000	0.022	21960.000	0.016	21960.000	0.004	21960.000	0.018	21960.000	0.019	21960.000	0.000
22020.000	0.022	22020.000	0.022	22020.000	0.016	22020.000	0.004	22020.000	0.018	22020.000	0.019	22020.000	0.000
22080.000	0.023	22080.000	0.022	22080.000	0.016	22080.000	0.004	22080.000	0.018	22080.000	0.019	22080.000	0.000
22140.000	0.022	22140.000	0.022	22140.000	0.016	22140.000	0.004	22140.000	0.018	22140.000	0.019	22140.000	0.000
22200.000	0.023	22200.000	0.022	22200.000	0.016	22200.000	0.004	22200.000	0.018	22200.000	0.019	22200.000	0.000
22260.000	0.023	22260.000	0.022	22260.000	0.016	22260.000	0.004	22260.000	0.018	22260.000	0.019	22260.000	0.000
22320.000	0.023	22320.000	0.022	22320.000	0.016	22320.000	0.004	22320.000	0.019	22320.000	0.019	22320.000	0.000
22380.000	0.023	22380.000	0.022	22380.000	0.016	22380.000	0.004	22380.000	0.018	22380.000	0.019	22380.000	0.000
22440.000	0.023	22440.000	0.022	22440.000	0.017	22440.000	0.004	22440.000	0.018	22440.000	0.019	22440.000	0.000
22500.000	0.023	22500.000	0.022	22500.000	0.016	22500.000	0.004	22500.000	0.018	22500.000	0.019	22500.000	0.000
22560.000	0.023	22560.000	0.022	22560.000	0.016	22560.000	0.004	22560.000	0.019	22560.000	0.019	22560.000	0.000
22620.000	0.023	22620.000	0.022	22620.000	0.017	22620.000	0.004	22620.000	0.018	22620.000	0.019	22620.000	0.000
22680.000	0.023	22680.000	0.022	22680.000	0.017	22680.000	0.004	22680.000	0.019	22680.000	0.019	22680.000	0.000
22740.000	0.023	22740.000	0.022	22740.000	0.016	22740.000	0.004	22740.000	0.019	22740.000	0.020	22740.000	0.000
22800.000	0.023	22800.000	0.022	22800.000	0.017	22800.000	0.004	22800.000	0.019	22800.000	0.020	22800.000	0.000
22860.000	0.023	22860.000	0.022	22860.000	0.016	22860.000	0.004	22860.000	0.019	22860.000	0.019	22860.000	0.000
22920.000	0.023	22920.000	0.023	22920.000	0.017	22920.000	0.004	22920.000	0.019	22920.000	0.020	22920.000	0.000
22980.000	0.023	22980.000	0.023	22980.000	0.016	22980.000	0.005	22980.000	0.019	22980.000	0.020	22980.000	0.001
23040.000	0.023	23040.000	0.023	23040.000	0.017	23040.000	0.005	23040.000	0.019	23040.000	0.020	23040.000	0.000
23100.000	0.023	23100.000	0.023	23100.000	0.017	23100.000	0.005	23100.000	0.019	23100.000	0.020	23100.000	0.000
23160.000	0.023	23160.000	0.023	23160.000	0.017	23160.000	0.004	23160.000	0.019	23160.000	0.020	23160.000	0.000
23220.000	0.023	23220.000	0.023	23220.000	0.017	23220.000	0.004	23220.000	0.019	23220.000	0.020	23220.000	0.001
23280.000	0.023	23280.000	0.023	23280.000	0.017	23280.000	0.004	23280.000	0.019	23280.000	0.020	23280.000	0.001
23340.000	0.024	23340.000	0.023	23340.000	0.017	23340.000	0.004	23340.000	0.019	23340.000	0.020	23340.000	0.001
23400.000	0.024	23400.000	0.023	23400.000	0.017	23400.000	0.005	23400.000	0.019	23400.000	0.020	23400.000	0.001
23460.000	0.024	23460.000	0.023	23460.000	0.017	23460.000	0.004	23460.000	0.019	23460.000	0.020	23460.000	0.001
23520.000	0.024	23520.000	0.023	23520.000	0.017	23520.000	0.005	23520.000	0.019	23520.000	0.020	23520.000	0.000
23580.000	0.023	23580.000	0.023	23580.000	0.017	23580.000	0.005	23580.000	0.019	23580.000	0.020	23580.000	0.000
23640.000	0.024	23640.000	0.023	23640.000	0.017	23640.000	0.005	23640.000	0.019	23640.000	0.020	23640.000	0.001
23700.000	0.024	23700.000	0.023	23700.000	0.017	23700.000	0.004	23700.000	0.020	23700.000	0.020	23700.000	0.001
23760.000	0.024	23760.000	0.023	23760.000	0.017	23760.000	0.005	23760.000	0.020	23760.000	0.020	23760.000	0.001
23820.000	0.024	23820.000	0.023	23820.000	0.017	23820.000	0.005	23820.000	0.020	23820.000	0.020	23820.000	0.001
23880.000	0.024	23880.000	0.023	23880.000	0.017	23880.000	0.005	23880.000	0.020	23880.000	0.020	23880.000	0.000
23940.000	0.024	23940.000	0.023	23940.000	0.017	23940.000	0.004	23940.000	0.020	23940.000	0.020	23940.000	0.001
24000.000	0.024	24000.000	0.023	24000.000	0.017	24000.000	0.004	24000.000	0.020	24000.000	0.021	24000.000	0.001
24060.000	0.024	24060.000	0.023	24060.000	0.017	24060.000	0.005	24060.000	0.020	24060.000	0.021	24060.000	0.001
24120.000	0.024	24120.000	0.024	24120.000	0.017	24120.000	0.005	24120.000	0.020	24120.000	0.020	24120.000	0.001
24180.000	0.024	24180.000	0.023	24180.000	0.017	24180.000	0.004	24180.000	0.020	24180.000	0.021	24180.000	0.001
24240.000	0.024	24240.000	0.023	24240.000	0.017	24240.000	0.004	24240.000	0.020	24240.000	0.021	24240.000	0.001
24300.000	0.024	24300.000	0.023	24300.000	0.017	24300.000	0.005	24300.000	0.020	24300.000	0.021	24300.000	0.001
24360.000	0.024	24360.000	0.023	24360.000	0.017	24360.000	0.005	24360.000	0.020	24360.000	0.021	24360.000	0.001
24420.000	0.024	24420.000	0.024	24420.000	0.017	24420.000	0.005	24420.000	0.020	24420.000	0.021	24420.000	0.001
24480.000	0.024	24480.000	0.023	24480.000	0.017	24480.000	0.005	24480.000	0.020	24480.000	0.021	24480.000	0.001
24540.000	0.024	24540.000	0.024	24540.000	0.017	24540.000	0.005	24540.000	0.020	24540.000	0.021	24540.000	0.001
24600.000	0.025	24600.000	0.024	24600.000	0.017	24600.000	0.004	24600.000	0.020	24600.000	0.021	24600.000	0.001
24660.000	0.024	24660.000	0.024	24660.000	0.018	24660.000	0.005	24660.000	0.020	24660.000	0.021	24660.000	0.001
24720.000	0.025	24720.000	0.024	24720.000	0.017	24720.000	0.005	24720.000	0.020	24720.000	0.021	24720.000	0.001
24780.000	0.025	24780.000	0.024	24780.000	0.017	24780.000	0.005	24780.000	0.020	24780.000	0.021	24780.000	0.001
24840.000	0.025	24840.000	0.024	24840.000	0.018	24840.000	0.005	24840.000	0.021	24840.000	0.021	24840.000	0.001
24900.000	0.025	24900.000	0.024	24900.000	0.017	24900.000	0.005	24900.000	0.020	24900.000	0.021	24900.000	0.001
24960.000	0.025	24960.000	0.024	24960.000	0.017	24960.000	0.005	24960.000	0.021	24960.000	0.021	24960.000	0.001
25020.000	0.025	25020.000	0.024	25020.000	0.017	25020.000	0.005	25020.000	0.020	25020.000	0.021	25020.000	0.001
25080.000	0.025	25080.000	0.024	25080.000	0.018	25080.000	0.005	25080.000	0.021	25080.000	0.021	25080.000	0.001
25140.000	0.025	25140.000	0.024	25140.000	0.018	25140.000	0.005	25140.000	0.021	25140.000	0.021	25140.000	0.001
25200.000	0.025	25200.000	0.024	25200.000	0.018	25200.000	0.005	25200.000	0.020	25200.000	0.021	25200.000	0.001
25260.000	0.025	25260.000	0.024	25260.000	0.018	25260.000	0.005	25260.000	0.021	25260.000	0.021	25260.000	0.001
25320.000	0.025	25320.000	0.024	25320.000	0.018	25320.000	0.005	25320.000	0.021	25320.000	0.021	25320.000	0.001
25380.000	0.025	25380.000	0.024	25380.000	0.018	25380.000	0.005	25380.000	0.021	25380.000	0.022	25380.000	0.001
25440.000	0.025	25440.000	0.024	25440.000	0.018	25440.000	0.005	25440.000	0.021	25440.000	0.021	25440.000	0.001
25500.000	0.025	25500.000	0.024	25500.000	0.018	25500.000	0.005	25500.000	0.021	25500.000	0.022	25500.000	0.001
25560.000	0.025	25560.000	0.024	25560.000	0.018	25560.000	0.005	25560.000	0.021	25560.000	0.022	25560.000	0.001
25620.000	0.025	25620.000	0.025	25620.000	0.018	25620.000	0.005	25620.000	0.021	25620.000	0.022	25620.000	0.001
25680.000	0.025	25680.000	0.024	25680.000	0.018	25680.000	0.005	25680.000	0.021	25680.000	0.022	25680.000	0.001
25740.000	0.025	25740.000	0.024	25740.000	0.018	25740.000	0.005	25740.000	0.021	25740.000	0.022	25740.000	0.001
25800.000	0.025	25800.000	0.024	25800.000	0.018	25800.000	0.005	25800.000	0.022	25800.000	0.022	25800.000	0.001
25860.000	0.026	25860.000	0.025	25860.000	0.018	25860.000	0.005	25860.000	0.022	25860.000	0.022	25860.000	0.001
25920.000	0.025	25920.000	0.025	25920.000	0.018	25920.000	0.005	25920.000	0.021	25920.000	0.022	25920.000	0.001
25980.000	0.026	25980.000	0.025	25980.000	0.018	25980.000	0.005	25980.000	0.022	25980.000	0.022	25980.000	0.001
26040.000	0.026	26040.000	0.024	26040.000	0.018	26040.000	0.005	26040.000	0.021	26040.000	0.022	26040.000	0.001
26100.000	0.026	26100.000	0.025	26100.000	0.018	26100.000	0.005	26100.000	0.022	26100.000	0.022	26100.000	0.002
26160.000	0.026	26160.000	0.025	26160.000	0.018	26160.000	0.005	26160.000	0.021	26160.000	0.022	26160.000	0.001
26220.000	0.026	26220.000	0.025	26220.000	0.018	26220.000	0.005	26220.000	0.021	26220.000	0.022	26220.000	0.001
26280.000	0.026	26280.000	0.025	26280.000	0.018	26280.000	0.005	26280.000	0.021	26280.000	0.022	26280.000	0.001
26340.000	0.026	26340.000	0.025	26340.000	0.018	26340.000	0.005	26340.000	0.022	26340.000	0.022	26340.000	0.001
26400.000	0.026	26400.000	0.025	26400.000	0.018	26400.000	0.005	26400.000	0.022	26400.000	0.022	26400.000	0.002
26460.000	0.026	26460.000	0.025	26460.000	0.018	26460.000	0.005	26460.000	0.022	26460.000	0.022	26460.000	0.001
26520.000	0.026	26520.000	0.025	26520.000	0.018	26520.000	0.005	26520.000	0.022	26520.000	0.022	26520.000	0.001
26580.000	0.026	26580.000	0.025	26580.000	0.018	26580.000	0.005	26580.000	0.022	26580.000	0.022	26580.000	0.002
26640.000	0.026	26640.000	0.025	26640.000	0.018	26640.000	0.005	26640.000	0.022	26640.000	0.022	26640.000	0.002
26700.000	0.026	26700.000	0.025	26700.000	0.018	26700.000	0.005	26700.000	0.022	26700.000	0.023	26700.000	0.002
26760.000	0.026	26760.000	0.025	26760.000	0.018	26760.000	0.005	26760.000	0.022	26760.000	0.022	26760.000	0.002
26820.000	0.026	26820.000	0.025	26820.000	0.018	26820.000	0.005	26820.000	0.022	26820.000	0.022	26820.000	0.002
26880.000	0.026	26880.000	0.025	26880.000	0.018	26880.000	0.005	26880.000	0.022	26880.000	0.023	26880.000	0.002
26940.000	0.026	26940.000	0.025	26940.000	0.018	26940.000	0.005	26940.000	0.022	26940.000	0.023	26940.000	0.002
27000.000	0.026	27000.000	0.025	27000.000	0.019	27000.000	0.005	27000.000	0.022	27000.000	0.023	27000.000	0.002
27060.000	0.027	27060.000	0.025	27060.000	0.018	27060.000	0.005	27060.000	0.022	27060.000	0.023	27060.000	0.002
27120.000	0.027	27120.000	0.025	27120.000	0.018	27120.000	0.005	27120.000	0.023	27120.000	0.023	27120.000	0.001
27180.000	0.026	27180.000	0.026	27180.000	0.019	27180.000	0.005	27180.000	0.022	27180.000	0.023	27180.000	0.002
27240.000	0.027	27240.000	0.025	27240.000	0.019	27240.000	0.005	27240.000	0.022	27240.000	0.023	27240.000	0.002
27300.000	0.027	27300.000	0.026	27300.000	0.018	27300.000	0.005	27300.000	0.022	27300.000	0.023	27300.000	0.002
27360.000	0.027	27360.000	0.026	27360.000	0.019	27360.000	0.005	27360.000	0.022	27360.000	0.023	27360.000	0.002
27420.000	0.027	27420.000	0.026	27420.000	0.019	27420.000	0.005	27420.000	0.023	27420.000	0.023	27420.000	0.002
27480.000	0.027	27480.000	0.025	27480.000	0.019	27480.000	0.005	27480.000	0.023	27480.000	0.023	27480.000	0.002
27540.000	0.027	27540.000	0.026	27540.000	0.019	27540.000	0.005	27540.000	0.023	27540.000	0.023	27540.000	0.002
27600.000	0.027	27600.000	0.026	27600.000	0.019	27600.000	0.005	27600.000	0.023	27600.000	0.023	27600.000	0.002
27660.000	0.027	27660.000	0.026	27660.000	0.019	27660.000	0.005	27660.000	0.022	27660.000	0.023	27660.000	0.002
27720.000	0.027	27720.000	0.026	27720.000	0.019	27720.000	0.006	27720.000	0.023	27720.000	0.023	27720.000	0.002
27780.000	0.027	27780.000	0.026	27780.000	0.019	27780.000	0.005	27780.000	0.023	27780.000	0.023	27780.000	0.002
27840.000	0.027	27840.000	0.026	27840.000	0.019	27840.000	0.005	27840.000	0.023	27840.000	0.024	27840.000	0.002
27900.000	0.027	27900.000	0.026	27900.000	0.019	27900.000	0.005	27900.000	0.023	27900.000	0.023	27900.000	0.002
27960.000	0.027	27960.000	0.026	27960.000	0.019	27960.000	0.005	27960.000	0.023	27960.000	0.023	27960.000	0.002
28020.000	0.027	28020.000	0.026	28020.000	0.019	28020.000	0.006	28020.000	0.023	28020.000	0.023	28020.000	0.002
28080.000	0.027	28080.000	0.026	28080.000	0.019	28080.000	0.005	28080.000	0.023	28080.000	0.023	28080.000	0.002
28140.000	0.027	28140.000	0.026	28140.000	0.019	28140.000	0.006	28140.000	0.023	28140.000	0.024	28140.000	0.002
28200.000	0.027	28200.000	0.027	28200.000	0.019	28200.000	0.005	28200.000	0.023	28200.000	0.023	28200.000	0.002
28260.000	0.027	28260.000	0.026	28260.000	0.019	28260.000	0.006	28260.000	0.023	28260.000	0.024	28260.000	0.002
28320.000	0.027	28320.000	0.026	28320.000	0.019	28320.000	0.005	28320.000	0.023	28320.000	0.024	28320.000	0.002
28380.000	0.027	28380.000	0.026	28380.000	0.019	28380.000	0.005	28380.000	0.024	28380.000	0.024	28380.000	0.002
28440.000	0.027	28440.000	0.026	28440.000	0.019	28440.000	0.006	28440.000	0.024	28440.000	0.024	28440.000	0.002
28500.000	0.028	28500.000	0.026	28500.000	0.019	28500.000	0.006	28500.000	0.023	28500.000	0.024	28500.000	0.002
28560.000	0.028	28560.000	0.026	28560.000	0.019	28560.000	0.006	28560.000	0.023	28560.000	0.024	28560.000	0.002
28620.000	0.027	28620.000	0.026	28620.000	0.019	28620.000	0.006	28620.000	0.024	28620.000	0.024	28620.000	0.002
28680.000	0.027	28680.000	0.026	28680.000	0.019	28680.000	0.005	28680.000	0.024	28680.000	0.024	28680.000	0.002
28740.000	0.027	28740.000	0.026	28740.000	0.019	28740.000	0.005	28740.000	0.024	28740.000	0.024	28740.000	0.002
28800.000	0.028	28800.000	0.027	28800.000	0.019	28800.000	0.005	28800.000	0.024	28800.000	0.024	28800.000	0.002
													
													
													
