Batch	rate149.rre												
Evolution 600	161008												
Sample	Sample001	Sample	Sample002	Sample	Sample003	Sample	Sample004	Sample	Sample005	Sample	Sample006	Sample	Sample007
Data Mode	A	Data Mode	A	Data Mode	A	Data Mode	A	Data Mode	A	Data Mode	A	Data Mode	A
Smoothing	None	Smoothing	None	Smoothing	None	Smoothing	None	Smoothing	None	Smoothing	None	Smoothing	None
Date Collected	9/12/2010	Date Collected	9/12/2010	Date Collected	9/12/2010	Date Collected	9/12/2010	Date Collected	9/12/2010	Date Collected	9/12/2010	Date Collected	9/12/2010
Time Collected	5:12:47PM	Time Collected	5:12:55PM	Time Collected	5:13:02PM	Time Collected	5:13:10PM	Time Collected	5:13:18PM	Time Collected	5:13:25PM	Time Collected	5:13:33PM
ss.sss	Value	ss.sss	Value	ss.sss	Value	ss.sss	Value	ss.sss	Value	ss.sss	Value	ss.sss	Value
0.000	0.002	0.000	0.004	0.000	0.004	0.000	0.004	0.000	0.001	0.000	-0.006	0.000	-0.007
60.000	0.004	60.000	0.004	60.000	0.004	60.000	0.001	60.000	0.001	60.000	-0.005	60.000	-0.007
120.000	0.004	120.000	0.005	120.000	0.004	120.000	0.002	120.000	0.002	120.000	-0.005	120.000	-0.007
180.000	0.004	180.000	0.005	180.000	0.004	180.000	0.003	180.000	0.002	180.000	-0.005	180.000	-0.007
240.000	0.006	240.000	0.005	240.000	0.004	240.000	0.003	240.000	0.003	240.000	-0.005	240.000	-0.007
300.000	0.006	300.000	0.005	300.000	0.004	300.000	0.004	300.000	0.004	300.000	-0.005	300.000	-0.006
360.000	0.006	360.000	0.005	360.000	0.005	360.000	0.003	360.000	0.004	360.000	-0.005	360.000	-0.006
420.000	0.007	420.000	0.005	420.000	0.005	420.000	0.003	420.000	0.004	420.000	-0.005	420.000	-0.006
480.000	0.007	480.000	0.006	480.000	0.005	480.000	0.004	480.000	0.004	480.000	-0.005	480.000	-0.006
540.000	0.007	540.000	0.006	540.000	0.006	540.000	0.004	540.000	0.005	540.000	-0.005	540.000	-0.006
600.000	0.008	600.000	0.006	600.000	0.006	600.000	0.003	600.000	0.003	600.000	-0.005	600.000	-0.006
660.000	0.008	660.000	0.006	660.000	0.007	660.000	0.004	660.000	0.005	660.000	-0.004	660.000	-0.005
720.000	0.008	720.000	0.006	720.000	0.007	720.000	0.003	720.000	0.006	720.000	-0.005	720.000	-0.005
780.000	0.008	780.000	0.007	780.000	0.008	780.000	0.005	780.000	0.007	780.000	-0.004	780.000	-0.005
840.000	0.009	840.000	0.007	840.000	0.008	840.000	0.003	840.000	0.007	840.000	-0.004	840.000	-0.005
900.000	0.008	900.000	0.007	900.000	0.008	900.000	0.004	900.000	0.007	900.000	-0.004	900.000	-0.005
960.000	0.009	960.000	0.008	960.000	0.009	960.000	0.005	960.000	0.007	960.000	-0.004	960.000	-0.005
1020.000	0.008	1020.000	0.008	1020.000	0.010	1020.000	0.005	1020.000	0.007	1020.000	-0.004	1020.000	-0.005
1080.000	0.008	1080.000	0.008	1080.000	0.011	1080.000	0.005	1080.000	0.007	1080.000	-0.004	1080.000	-0.005
1140.000	0.010	1140.000	0.008	1140.000	0.012	1140.000	0.006	1140.000	0.008	1140.000	-0.004	1140.000	-0.005
1200.000	0.009	1200.000	0.008	1200.000	0.012	1200.000	0.006	1200.000	0.008	1200.000	-0.004	1200.000	-0.005
1260.000	0.010	1260.000	0.009	1260.000	0.012	1260.000	0.005	1260.000	0.008	1260.000	-0.004	1260.000	-0.005
1320.000	0.009	1320.000	0.009	1320.000	0.012	1320.000	0.004	1320.000	0.008	1320.000	-0.004	1320.000	-0.004
1380.000	0.009	1380.000	0.009	1380.000	0.014	1380.000	0.005	1380.000	0.009	1380.000	-0.004	1380.000	-0.004
1440.000	0.009	1440.000	0.009	1440.000	0.014	1440.000	0.006	1440.000	0.008	1440.000	-0.004	1440.000	-0.004
1500.000	0.009	1500.000	0.009	1500.000	0.015	1500.000	0.006	1500.000	0.009	1500.000	-0.003	1500.000	-0.005
1560.000	0.009	1560.000	0.009	1560.000	0.015	1560.000	0.006	1560.000	0.009	1560.000	-0.003	1560.000	-0.004
1620.000	0.009	1620.000	0.009	1620.000	0.016	1620.000	0.006	1620.000	0.009	1620.000	-0.003	1620.000	-0.004
1680.000	0.009	1680.000	0.010	1680.000	0.016	1680.000	0.006	1680.000	0.010	1680.000	-0.003	1680.000	-0.004
1740.000	0.010	1740.000	0.010	1740.000	0.017	1740.000	0.007	1740.000	0.010	1740.000	-0.003	1740.000	-0.004
1800.000	0.010	1800.000	0.010	1800.000	0.017	1800.000	0.006	1800.000	0.010	1800.000	-0.003	1800.000	-0.004
1860.000	0.010	1860.000	0.011	1860.000	0.018	1860.000	0.006	1860.000	0.011	1860.000	-0.003	1860.000	-0.003
1920.000	0.010	1920.000	0.012	1920.000	0.018	1920.000	0.007	1920.000	0.010	1920.000	-0.003	1920.000	-0.003
1980.000	0.011	1980.000	0.013	1980.000	0.018	1980.000	0.004	1980.000	0.011	1980.000	-0.003	1980.000	-0.003
2040.000	0.010	2040.000	0.012	2040.000	0.018	2040.000	0.004	2040.000	0.011	2040.000	-0.003	2040.000	-0.003
2100.000	0.011	2100.000	0.012	2100.000	0.018	2100.000	0.004	2100.000	0.011	2100.000	-0.003	2100.000	-0.003
2160.000	0.011	2160.000	0.012	2160.000	0.017	2160.000	0.004	2160.000	0.012	2160.000	-0.003	2160.000	-0.003
2220.000	0.011	2220.000	0.012	2220.000	0.018	2220.000	0.004	2220.000	0.012	2220.000	-0.003	2220.000	-0.003
2280.000	0.011	2280.000	0.012	2280.000	0.018	2280.000	0.004	2280.000	0.011	2280.000	-0.003	2280.000	-0.003
2340.000	0.011	2340.000	0.012	2340.000	0.019	2340.000	0.004	2340.000	0.012	2340.000	-0.003	2340.000	-0.002
2400.000	0.011	2400.000	0.014	2400.000	0.019	2400.000	0.004	2400.000	0.012	2400.000	-0.003	2400.000	-0.002
2460.000	0.011	2460.000	0.015	2460.000	0.020	2460.000	0.004	2460.000	0.013	2460.000	-0.003	2460.000	-0.002
2520.000	0.011	2520.000	0.015	2520.000	0.019	2520.000	0.004	2520.000	0.013	2520.000	-0.003	2520.000	-0.001
2580.000	0.013	2580.000	0.015	2580.000	0.020	2580.000	0.004	2580.000	0.013	2580.000	-0.002	2580.000	-0.001
2640.000	0.011	2640.000	0.014	2640.000	0.019	2640.000	0.004	2640.000	0.014	2640.000	-0.002	2640.000	-0.001
2700.000	0.011	2700.000	0.014	2700.000	0.020	2700.000	0.004	2700.000	0.013	2700.000	-0.002	2700.000	-0.001
2760.000	0.011	2760.000	0.014	2760.000	0.020	2760.000	0.004	2760.000	0.013	2760.000	-0.002	2760.000	-0.001
2820.000	0.011	2820.000	0.014	2820.000	0.020	2820.000	0.004	2820.000	0.014	2820.000	-0.003	2820.000	-0.001
2880.000	0.011	2880.000	0.014	2880.000	0.021	2880.000	0.004	2880.000	0.014	2880.000	-0.003	2880.000	-0.001
2940.000	0.011	2940.000	0.014	2940.000	0.021	2940.000	0.004	2940.000	0.014	2940.000	-0.002	2940.000	0.000
3000.000	0.011	3000.000	0.014	3000.000	0.021	3000.000	0.004	3000.000	0.014	3000.000	-0.003	3000.000	0.000
3060.000	0.011	3060.000	0.014	3060.000	0.022	3060.000	0.004	3060.000	0.015	3060.000	-0.003	3060.000	0.000
3120.000	0.011	3120.000	0.015	3120.000	0.022	3120.000	0.004	3120.000	0.015	3120.000	-0.002	3120.000	0.000
3180.000	0.011	3180.000	0.015	3180.000	0.022	3180.000	0.004	3180.000	0.015	3180.000	-0.002	3180.000	0.001
3240.000	0.012	3240.000	0.015	3240.000	0.022	3240.000	0.004	3240.000	0.015	3240.000	-0.002	3240.000	0.000
3300.000	0.011	3300.000	0.015	3300.000	0.022	3300.000	0.004	3300.000	0.014	3300.000	-0.002	3300.000	0.000
3360.000	0.011	3360.000	0.016	3360.000	0.022	3360.000	0.004	3360.000	0.015	3360.000	-0.002	3360.000	0.001
3420.000	0.012	3420.000	0.016	3420.000	0.022	3420.000	0.004	3420.000	0.016	3420.000	-0.002	3420.000	0.000
3480.000	0.012	3480.000	0.015	3480.000	0.022	3480.000	0.004	3480.000	0.014	3480.000	-0.002	3480.000	0.000
3540.000	0.012	3540.000	0.016	3540.000	0.022	3540.000	0.004	3540.000	0.014	3540.000	-0.002	3540.000	0.000
3600.000	0.012	3600.000	0.016	3600.000	0.021	3600.000	0.004	3600.000	0.013	3600.000	-0.002	3600.000	0.000
3660.000	0.012	3660.000	0.016	3660.000	0.022	3660.000	0.004	3660.000	0.014	3660.000	-0.002	3660.000	0.001
3720.000	0.012	3720.000	0.016	3720.000	0.022	3720.000	0.003	3720.000	0.014	3720.000	-0.002	3720.000	0.001
3780.000	0.012	3780.000	0.016	3780.000	0.022	3780.000	0.003	3780.000	0.015	3780.000	-0.002	3780.000	0.001
3840.000	0.012	3840.000	0.017	3840.000	0.022	3840.000	0.004	3840.000	0.015	3840.000	-0.002	3840.000	0.001
3900.000	0.012	3900.000	0.017	3900.000	0.022	3900.000	0.003	3900.000	0.015	3900.000	-0.002	3900.000	0.001
3960.000	0.013	3960.000	0.017	3960.000	0.023	3960.000	0.003	3960.000	0.015	3960.000	-0.002	3960.000	0.002
4020.000	0.013	4020.000	0.017	4020.000	0.023	4020.000	0.004	4020.000	0.016	4020.000	-0.002	4020.000	0.002
4080.000	0.013	4080.000	0.017	4080.000	0.023	4080.000	0.004	4080.000	0.016	4080.000	-0.002	4080.000	0.002
4140.000	0.013	4140.000	0.018	4140.000	0.023	4140.000	0.004	4140.000	0.016	4140.000	-0.002	4140.000	0.002
4200.000	0.013	4200.000	0.018	4200.000	0.023	4200.000	0.004	4200.000	0.016	4200.000	-0.002	4200.000	0.002
4260.000	0.013	4260.000	0.019	4260.000	0.023	4260.000	0.005	4260.000	0.015	4260.000	-0.002	4260.000	0.002
4320.000	0.012	4320.000	0.018	4320.000	0.023	4320.000	0.004	4320.000	0.016	4320.000	-0.001	4320.000	0.003
4380.000	0.013	4380.000	0.017	4380.000	0.023	4380.000	0.004	4380.000	0.016	4380.000	-0.001	4380.000	0.003
4440.000	0.013	4440.000	0.017	4440.000	0.024	4440.000	0.004	4440.000	0.016	4440.000	-0.002	4440.000	0.003
4500.000	0.013	4500.000	0.018	4500.000	0.024	4500.000	0.004	4500.000	0.016	4500.000	-0.001	4500.000	0.003
4560.000	0.013	4560.000	0.017	4560.000	0.023	4560.000	0.005	4560.000	0.017	4560.000	-0.001	4560.000	0.003
4620.000	0.013	4620.000	0.017	4620.000	0.024	4620.000	0.004	4620.000	0.016	4620.000	-0.001	4620.000	0.004
4680.000	0.013	4680.000	0.018	4680.000	0.024	4680.000	0.004	4680.000	0.017	4680.000	-0.002	4680.000	0.004
4740.000	0.013	4740.000	0.018	4740.000	0.024	4740.000	0.004	4740.000	0.016	4740.000	-0.002	4740.000	0.004
4800.000	0.013	4800.000	0.018	4800.000	0.024	4800.000	0.005	4800.000	0.016	4800.000	-0.001	4800.000	0.005
4860.000	0.013	4860.000	0.018	4860.000	0.025	4860.000	0.004	4860.000	0.017	4860.000	-0.001	4860.000	0.004
4920.000	0.013	4920.000	0.018	4920.000	0.025	4920.000	0.004	4920.000	0.016	4920.000	-0.001	4920.000	0.004
4980.000	0.013	4980.000	0.018	4980.000	0.024	4980.000	0.004	4980.000	0.017	4980.000	-0.001	4980.000	0.005
5040.000	0.013	5040.000	0.018	5040.000	0.025	5040.000	0.005	5040.000	0.017	5040.000	-0.001	5040.000	0.005
5100.000	0.013	5100.000	0.018	5100.000	0.024	5100.000	0.005	5100.000	0.016	5100.000	-0.001	5100.000	0.004
5160.000	0.014	5160.000	0.018	5160.000	0.024	5160.000	0.005	5160.000	0.018	5160.000	-0.001	5160.000	0.004
5220.000	0.014	5220.000	0.018	5220.000	0.022	5220.000	0.004	5220.000	0.017	5220.000	-0.001	5220.000	0.005
5280.000	0.014	5280.000	0.019	5280.000	0.022	5280.000	0.005	5280.000	0.018	5280.000	-0.001	5280.000	0.005
5340.000	0.013	5340.000	0.018	5340.000	0.022	5340.000	0.005	5340.000	0.017	5340.000	-0.001	5340.000	0.004
5400.000	0.014	5400.000	0.019	5400.000	0.022	5400.000	0.005	5400.000	0.017	5400.000	-0.001	5400.000	0.004
5460.000	0.013	5460.000	0.019	5460.000	0.022	5460.000	0.005	5460.000	0.018	5460.000	-0.001	5460.000	0.005
5520.000	0.014	5520.000	0.018	5520.000	0.022	5520.000	0.005	5520.000	0.018	5520.000	-0.001	5520.000	0.005
5580.000	0.014	5580.000	0.019	5580.000	0.022	5580.000	0.004	5580.000	0.018	5580.000	-0.001	5580.000	0.005
5640.000	0.014	5640.000	0.019	5640.000	0.022	5640.000	0.004	5640.000	0.018	5640.000	-0.001	5640.000	0.005
5700.000	0.014	5700.000	0.019	5700.000	0.022	5700.000	0.004	5700.000	0.018	5700.000	-0.001	5700.000	0.005
5760.000	0.014	5760.000	0.019	5760.000	0.023	5760.000	0.005	5760.000	0.018	5760.000	-0.001	5760.000	0.005
5820.000	0.014	5820.000	0.019	5820.000	0.023	5820.000	0.004	5820.000	0.019	5820.000	-0.001	5820.000	0.005
5880.000	0.014	5880.000	0.019	5880.000	0.023	5880.000	0.004	5880.000	0.018	5880.000	-0.001	5880.000	0.005
5940.000	0.014	5940.000	0.019	5940.000	0.023	5940.000	0.004	5940.000	0.018	5940.000	-0.001	5940.000	0.005
6000.000	0.014	6000.000	0.019	6000.000	0.023	6000.000	0.004	6000.000	0.019	6000.000	-0.001	6000.000	0.005
6060.000	0.014	6060.000	0.019	6060.000	0.023	6060.000	0.004	6060.000	0.019	6060.000	-0.001	6060.000	0.006
6120.000	0.014	6120.000	0.019	6120.000	0.022	6120.000	0.005	6120.000	0.019	6120.000	-0.001	6120.000	0.006
6180.000	0.014	6180.000	0.019	6180.000	0.023	6180.000	0.004	6180.000	0.018	6180.000	-0.001	6180.000	0.006
6240.000	0.014	6240.000	0.020	6240.000	0.023	6240.000	0.005	6240.000	0.019	6240.000	-0.001	6240.000	0.006
6300.000	0.014	6300.000	0.019	6300.000	0.023	6300.000	0.004	6300.000	0.019	6300.000	-0.001	6300.000	0.006
6360.000	0.014	6360.000	0.020	6360.000	0.021	6360.000	0.004	6360.000	0.019	6360.000	-0.001	6360.000	0.006
6420.000	0.014	6420.000	0.020	6420.000	0.021	6420.000	0.005	6420.000	0.019	6420.000	-0.001	6420.000	0.006
6480.000	0.014	6480.000	0.020	6480.000	0.021	6480.000	0.005	6480.000	0.018	6480.000	-0.001	6480.000	0.007
6540.000	0.014	6540.000	0.020	6540.000	0.021	6540.000	0.004	6540.000	0.019	6540.000	-0.001	6540.000	0.007
6600.000	0.014	6600.000	0.020	6600.000	0.021	6600.000	0.004	6600.000	0.019	6600.000	-0.001	6600.000	0.007
6660.000	0.014	6660.000	0.019	6660.000	0.021	6660.000	0.004	6660.000	0.019	6660.000	-0.001	6660.000	0.007
6720.000	0.014	6720.000	0.020	6720.000	0.021	6720.000	0.004	6720.000	0.019	6720.000	-0.001	6720.000	0.007
6780.000	0.014	6780.000	0.020	6780.000	0.021	6780.000	0.005	6780.000	0.019	6780.000	-0.001	6780.000	0.006
6840.000	0.014	6840.000	0.020	6840.000	0.021	6840.000	0.004	6840.000	0.019	6840.000	-0.001	6840.000	0.007
6900.000	0.015	6900.000	0.020	6900.000	0.022	6900.000	0.005	6900.000	0.019	6900.000	-0.001	6900.000	0.007
6960.000	0.014	6960.000	0.020	6960.000	0.021	6960.000	0.004	6960.000	0.019	6960.000	0.000	6960.000	0.007
7020.000	0.014	7020.000	0.020	7020.000	0.021	7020.000	0.004	7020.000	0.020	7020.000	-0.001	7020.000	0.007
7080.000	0.015	7080.000	0.020	7080.000	0.021	7080.000	0.004	7080.000	0.019	7080.000	0.000	7080.000	0.008
7140.000	0.015	7140.000	0.020	7140.000	0.021	7140.000	0.004	7140.000	0.019	7140.000	-0.001	7140.000	0.007
7200.000	0.015	7200.000	0.020	7200.000	0.021	7200.000	0.004	7200.000	0.019	7200.000	0.000	7200.000	0.008
7260.000	0.015	7260.000	0.021	7260.000	0.021	7260.000	0.004	7260.000	0.019	7260.000	0.000	7260.000	0.008
7320.000	0.015	7320.000	0.020	7320.000	0.021	7320.000	0.004	7320.000	0.019	7320.000	-0.001	7320.000	0.008
7380.000	0.015	7380.000	0.020	7380.000	0.021	7380.000	0.004	7380.000	0.020	7380.000	0.000	7380.000	0.008
7440.000	0.015	7440.000	0.020	7440.000	0.022	7440.000	0.004	7440.000	0.020	7440.000	-0.001	7440.000	0.008
7500.000	0.015	7500.000	0.020	7500.000	0.021	7500.000	0.005	7500.000	0.020	7500.000	0.000	7500.000	0.008
7560.000	0.015	7560.000	0.021	7560.000	0.022	7560.000	0.004	7560.000	0.020	7560.000	0.000	7560.000	0.008
7620.000	0.015	7620.000	0.020	7620.000	0.022	7620.000	0.004	7620.000	0.020	7620.000	0.000	7620.000	0.008
7680.000	0.015	7680.000	0.021	7680.000	0.021	7680.000	0.005	7680.000	0.019	7680.000	0.000	7680.000	0.008
7740.000	0.015	7740.000	0.020	7740.000	0.021	7740.000	0.004	7740.000	0.019	7740.000	0.000	7740.000	0.008
7800.000	0.015	7800.000	0.021	7800.000	0.022	7800.000	0.005	7800.000	0.020	7800.000	0.000	7800.000	0.008
7860.000	0.015	7860.000	0.021	7860.000	0.021	7860.000	0.005	7860.000	0.020	7860.000	0.000	7860.000	0.008
7920.000	0.015	7920.000	0.021	7920.000	0.022	7920.000	0.005	7920.000	0.021	7920.000	0.000	7920.000	0.009
7980.000	0.016	7980.000	0.021	7980.000	0.022	7980.000	0.005	7980.000	0.021	7980.000	0.000	7980.000	0.009
8040.000	0.016	8040.000	0.021	8040.000	0.022	8040.000	0.004	8040.000	0.020	8040.000	0.000	8040.000	0.009
8100.000	0.015	8100.000	0.021	8100.000	0.021	8100.000	0.005	8100.000	0.020	8100.000	0.000	8100.000	0.009
8160.000	0.016	8160.000	0.021	8160.000	0.022	8160.000	0.005	8160.000	0.020	8160.000	0.000	8160.000	0.009
8220.000	0.015	8220.000	0.021	8220.000	0.022	8220.000	0.005	8220.000	0.020	8220.000	0.000	8220.000	0.010
8280.000	0.016	8280.000	0.021	8280.000	0.022	8280.000	0.005	8280.000	0.020	8280.000	0.000	8280.000	0.010
8340.000	0.015	8340.000	0.021	8340.000	0.022	8340.000	0.005	8340.000	0.021	8340.000	0.000	8340.000	0.010
8400.000	0.016	8400.000	0.021	8400.000	0.022	8400.000	0.005	8400.000	0.021	8400.000	0.000	8400.000	0.010
8460.000	0.016	8460.000	0.021	8460.000	0.021	8460.000	0.005	8460.000	0.021	8460.000	0.000	8460.000	0.010
8520.000	0.015	8520.000	0.021	8520.000	0.022	8520.000	0.005	8520.000	0.021	8520.000	0.000	8520.000	0.010
8580.000	0.016	8580.000	0.021	8580.000	0.021	8580.000	0.005	8580.000	0.021	8580.000	0.000	8580.000	0.010
8640.000	0.014	8640.000	0.021	8640.000	0.021	8640.000	0.005	8640.000	0.021	8640.000	0.000	8640.000	0.010
8700.000	0.014	8700.000	0.021	8700.000	0.022	8700.000	0.004	8700.000	0.020	8700.000	0.000	8700.000	0.010
8760.000	0.014	8760.000	0.021	8760.000	0.021	8760.000	0.005	8760.000	0.021	8760.000	0.000	8760.000	0.010
8820.000	0.015	8820.000	0.021	8820.000	0.022	8820.000	0.005	8820.000	0.021	8820.000	0.000	8820.000	0.010
8880.000	0.014	8880.000	0.021	8880.000	0.022	8880.000	0.005	8880.000	0.021	8880.000	0.000	8880.000	0.011
8940.000	0.015	8940.000	0.021	8940.000	0.022	8940.000	0.005	8940.000	0.021	8940.000	0.000	8940.000	0.011
9000.000	0.015	9000.000	0.021	9000.000	0.021	9000.000	0.005	9000.000	0.020	9000.000	0.000	9000.000	0.010
9060.000	0.015	9060.000	0.021	9060.000	0.022	9060.000	0.005	9060.000	0.021	9060.000	0.000	9060.000	0.010
9120.000	0.015	9120.000	0.021	9120.000	0.022	9120.000	0.005	9120.000	0.021	9120.000	0.000	9120.000	0.010
9180.000	0.015	9180.000	0.021	9180.000	0.022	9180.000	0.005	9180.000	0.021	9180.000	0.000	9180.000	0.011
9240.000	0.015	9240.000	0.021	9240.000	0.022	9240.000	0.005	9240.000	0.021	9240.000	0.000	9240.000	0.010
9300.000	0.015	9300.000	0.021	9300.000	0.022	9300.000	0.005	9300.000	0.021	9300.000	0.000	9300.000	0.010
9360.000	0.015	9360.000	0.021	9360.000	0.022	9360.000	0.005	9360.000	0.021	9360.000	0.000	9360.000	0.010
9420.000	0.015	9420.000	0.021	9420.000	0.022	9420.000	0.005	9420.000	0.021	9420.000	0.000	9420.000	0.010
9480.000	0.015	9480.000	0.021	9480.000	0.022	9480.000	0.005	9480.000	0.021	9480.000	0.000	9480.000	0.010
9540.000	0.015	9540.000	0.022	9540.000	0.022	9540.000	0.005	9540.000	0.022	9540.000	0.000	9540.000	0.010
9600.000	0.015	9600.000	0.022	9600.000	0.022	9600.000	0.005	9600.000	0.021	9600.000	0.000	9600.000	0.010
9660.000	0.015	9660.000	0.022	9660.000	0.022	9660.000	0.005	9660.000	0.022	9660.000	0.000	9660.000	0.010
9720.000	0.015	9720.000	0.021	9720.000	0.022	9720.000	0.005	9720.000	0.022	9720.000	0.000	9720.000	0.010
9780.000	0.015	9780.000	0.022	9780.000	0.022	9780.000	0.005	9780.000	0.021	9780.000	0.000	9780.000	0.011
9840.000	0.015	9840.000	0.022	9840.000	0.022	9840.000	0.005	9840.000	0.021	9840.000	0.000	9840.000	0.010
9900.000	0.015	9900.000	0.021	9900.000	0.022	9900.000	0.005	9900.000	0.022	9900.000	0.000	9900.000	0.005
9960.000	0.015	9960.000	0.021	9960.000	0.022	9960.000	0.005	9960.000	0.022	9960.000	0.000	9960.000	0.005
10020.000	0.015	10020.000	0.022	10020.000	0.022	10020.000	0.005	10020.000	0.021	10020.000	0.000	10020.000	0.005
10080.000	0.015	10080.000	0.022	10080.000	0.022	10080.000	0.005	10080.000	0.022	10080.000	0.000	10080.000	0.005
10140.000	0.016	10140.000	0.022	10140.000	0.022	10140.000	0.005	10140.000	0.022	10140.000	0.000	10140.000	0.005
10200.000	0.015	10200.000	0.022	10200.000	0.022	10200.000	0.005	10200.000	0.021	10200.000	0.000	10200.000	0.005
10260.000	0.015	10260.000	0.022	10260.000	0.022	10260.000	0.005	10260.000	0.022	10260.000	0.001	10260.000	0.005
10320.000	0.015	10320.000	0.021	10320.000	0.022	10320.000	0.005	10320.000	0.022	10320.000	0.000	10320.000	0.005
10380.000	0.015	10380.000	0.022	10380.000	0.021	10380.000	0.005	10380.000	0.022	10380.000	0.000	10380.000	0.005
10440.000	0.016	10440.000	0.022	10440.000	0.022	10440.000	0.005	10440.000	0.022	10440.000	0.000	10440.000	0.005
10500.000	0.016	10500.000	0.022	10500.000	0.022	10500.000	0.005	10500.000	0.022	10500.000	0.000	10500.000	0.005
10560.000	0.015	10560.000	0.022	10560.000	0.022	10560.000	0.005	10560.000	0.022	10560.000	0.001	10560.000	0.005
10620.000	0.016	10620.000	0.022	10620.000	0.022	10620.000	0.005	10620.000	0.022	10620.000	0.001	10620.000	0.005
10680.000	0.015	10680.000	0.022	10680.000	0.022	10680.000	0.005	10680.000	0.022	10680.000	0.001	10680.000	0.003
10740.000	0.015	10740.000	0.022	10740.000	0.022	10740.000	0.005	10740.000	0.022	10740.000	0.001	10740.000	0.004
10800.000	0.015	10800.000	0.022	10800.000	0.022	10800.000	0.005	10800.000	0.022	10800.000	0.001	10800.000	0.004
10860.000	0.015	10860.000	0.022	10860.000	0.022	10860.000	0.005	10860.000	0.022	10860.000	0.000	10860.000	0.004
10920.000	0.016	10920.000	0.022	10920.000	0.022	10920.000	0.005	10920.000	0.022	10920.000	0.000	10920.000	0.004
10980.000	0.016	10980.000	0.022	10980.000	0.022	10980.000	0.005	10980.000	0.022	10980.000	0.001	10980.000	0.004
11040.000	0.015	11040.000	0.022	11040.000	0.022	11040.000	0.005	11040.000	0.022	11040.000	0.001	11040.000	0.004
11100.000	0.016	11100.000	0.022	11100.000	0.022	11100.000	0.005	11100.000	0.022	11100.000	0.001	11100.000	0.004
11160.000	0.016	11160.000	0.022	11160.000	0.022	11160.000	0.005	11160.000	0.022	11160.000	0.001	11160.000	0.004
11220.000	0.016	11220.000	0.022	11220.000	0.022	11220.000	0.005	11220.000	0.022	11220.000	0.001	11220.000	0.004
11280.000	0.016	11280.000	0.022	11280.000	0.022	11280.000	0.005	11280.000	0.022	11280.000	0.001	11280.000	0.004
11340.000	0.016	11340.000	0.022	11340.000	0.022	11340.000	0.005	11340.000	0.023	11340.000	0.001	11340.000	0.004
11400.000	0.015	11400.000	0.022	11400.000	0.023	11400.000	0.005	11400.000	0.022	11400.000	0.001	11400.000	0.004
11460.000	0.016	11460.000	0.022	11460.000	0.022	11460.000	0.005	11460.000	0.022	11460.000	0.001	11460.000	0.004
11520.000	0.016	11520.000	0.022	11520.000	0.022	11520.000	0.005	11520.000	0.022	11520.000	0.001	11520.000	0.004
11580.000	0.016	11580.000	0.022	11580.000	0.022	11580.000	0.005	11580.000	0.023	11580.000	0.001	11580.000	0.004
11640.000	0.015	11640.000	0.022	11640.000	0.022	11640.000	0.005	11640.000	0.023	11640.000	0.001	11640.000	0.004
11700.000	0.016	11700.000	0.022	11700.000	0.022	11700.000	0.005	11700.000	0.023	11700.000	0.001	11700.000	0.004
11760.000	0.016	11760.000	0.022	11760.000	0.022	11760.000	0.005	11760.000	0.023	11760.000	0.001	11760.000	0.004
11820.000	0.016	11820.000	0.022	11820.000	0.022	11820.000	0.005	11820.000	0.023	11820.000	0.001	11820.000	0.004
11880.000	0.016	11880.000	0.022	11880.000	0.022	11880.000	0.005	11880.000	0.023	11880.000	0.001	11880.000	0.004
11940.000	0.016	11940.000	0.023	11940.000	0.022	11940.000	0.005	11940.000	0.023	11940.000	0.001	11940.000	0.004
12000.000	0.016	12000.000	0.022	12000.000	0.022	12000.000	0.005	12000.000	0.023	12000.000	0.001	12000.000	0.004
12060.000	0.016	12060.000	0.022	12060.000	0.022	12060.000	0.005	12060.000	0.023	12060.000	0.001	12060.000	0.004
12120.000	0.016	12120.000	0.022	12120.000	0.022	12120.000	0.005	12120.000	0.023	12120.000	0.001	12120.000	0.004
12180.000	0.016	12180.000	0.022	12180.000	0.022	12180.000	0.005	12180.000	0.023	12180.000	0.001	12180.000	0.004
12240.000	0.016	12240.000	0.022	12240.000	0.023	12240.000	0.005	12240.000	0.023	12240.000	0.001	12240.000	0.004
12300.000	0.016	12300.000	0.022	12300.000	0.023	12300.000	0.005	12300.000	0.023	12300.000	0.001	12300.000	0.004
12360.000	0.016	12360.000	0.023	12360.000	0.023	12360.000	0.005	12360.000	0.023	12360.000	0.001	12360.000	0.004
12420.000	0.016	12420.000	0.022	12420.000	0.023	12420.000	0.005	12420.000	0.023	12420.000	0.001	12420.000	0.004
12480.000	0.016	12480.000	0.022	12480.000	0.023	12480.000	0.005	12480.000	0.022	12480.000	0.001	12480.000	0.004
12540.000	0.016	12540.000	0.023	12540.000	0.023	12540.000	0.005	12540.000	0.023	12540.000	0.001	12540.000	0.004
12600.000	0.016	12600.000	0.023	12600.000	0.023	12600.000	0.005	12600.000	0.023	12600.000	0.001	12600.000	0.004
12660.000	0.016	12660.000	0.023	12660.000	0.023	12660.000	0.005	12660.000	0.023	12660.000	0.001	12660.000	0.004
12720.000	0.016	12720.000	0.022	12720.000	0.023	12720.000	0.006	12720.000	0.023	12720.000	0.001	12720.000	0.004
12780.000	0.016	12780.000	0.023	12780.000	0.023	12780.000	0.006	12780.000	0.023	12780.000	0.001	12780.000	0.004
12840.000	0.016	12840.000	0.023	12840.000	0.023	12840.000	0.006	12840.000	0.023	12840.000	0.001	12840.000	0.004
12900.000	0.016	12900.000	0.023	12900.000	0.023	12900.000	0.005	12900.000	0.023	12900.000	0.002	12900.000	0.004
12960.000	0.016	12960.000	0.023	12960.000	0.023	12960.000	0.006	12960.000	0.023	12960.000	0.001	12960.000	0.004
13020.000	0.017	13020.000	0.023	13020.000	0.023	13020.000	0.006	13020.000	0.023	13020.000	0.001	13020.000	0.004
13080.000	0.016	13080.000	0.023	13080.000	0.023	13080.000	0.006	13080.000	0.023	13080.000	0.001	13080.000	0.004
13140.000	0.016	13140.000	0.023	13140.000	0.023	13140.000	0.006	13140.000	0.023	13140.000	0.001	13140.000	0.004
13200.000	0.016	13200.000	0.023	13200.000	0.023	13200.000	0.005	13200.000	0.023	13200.000	0.001	13200.000	0.004
13260.000	0.016	13260.000	0.023	13260.000	0.023	13260.000	0.006	13260.000	0.023	13260.000	0.001	13260.000	0.004
13320.000	0.017	13320.000	0.023	13320.000	0.022	13320.000	0.006	13320.000	0.023	13320.000	0.001	13320.000	0.004
13380.000	0.016	13380.000	0.023	13380.000	0.022	13380.000	0.006	13380.000	0.023	13380.000	0.001	13380.000	0.004
13440.000	0.016	13440.000	0.023	13440.000	0.021	13440.000	0.006	13440.000	0.023	13440.000	0.001	13440.000	0.004
13500.000	0.017	13500.000	0.023	13500.000	0.021	13500.000	0.006	13500.000	0.023	13500.000	0.001	13500.000	0.004
13560.000	0.016	13560.000	0.023	13560.000	0.021	13560.000	0.006	13560.000	0.023	13560.000	0.001	13560.000	0.004
13620.000	0.017	13620.000	0.023	13620.000	0.021	13620.000	0.006	13620.000	0.023	13620.000	0.001	13620.000	0.005
13680.000	0.017	13680.000	0.023	13680.000	0.021	13680.000	0.006	13680.000	0.024	13680.000	0.002	13680.000	0.004
13740.000	0.017	13740.000	0.023	13740.000	0.021	13740.000	0.006	13740.000	0.024	13740.000	0.001	13740.000	0.004
13800.000	0.016	13800.000	0.023	13800.000	0.021	13800.000	0.005	13800.000	0.023	13800.000	0.001	13800.000	0.004
13860.000	0.016	13860.000	0.023	13860.000	0.021	13860.000	0.006	13860.000	0.024	13860.000	0.001	13860.000	0.004
13920.000	0.016	13920.000	0.023	13920.000	0.021	13920.000	0.006	13920.000	0.023	13920.000	0.002	13920.000	0.004
13980.000	0.017	13980.000	0.023	13980.000	0.020	13980.000	0.006	13980.000	0.024	13980.000	0.002	13980.000	0.004
14040.000	0.017	14040.000	0.023	14040.000	0.021	14040.000	0.006	14040.000	0.023	14040.000	0.002	14040.000	0.004
14100.000	0.017	14100.000	0.023	14100.000	0.021	14100.000	0.006	14100.000	0.023	14100.000	0.002	14100.000	0.004
14160.000	0.017	14160.000	0.023	14160.000	0.021	14160.000	0.006	14160.000	0.024	14160.000	0.002	14160.000	0.004
14220.000	0.017	14220.000	0.022	14220.000	0.021	14220.000	0.006	14220.000	0.023	14220.000	0.002	14220.000	0.005
14280.000	0.017	14280.000	0.023	14280.000	0.021	14280.000	0.006	14280.000	0.024	14280.000	0.002	14280.000	0.004
14340.000	0.017	14340.000	0.023	14340.000	0.021	14340.000	0.006	14340.000	0.024	14340.000	0.002	14340.000	0.004
14400.000	0.017	14400.000	0.023	14400.000	0.021	14400.000	0.006	14400.000	0.024	14400.000	0.002	14400.000	0.005
14460.000	0.017	14460.000	0.023	14460.000	0.021	14460.000	0.006	14460.000	0.024	14460.000	0.002	14460.000	0.005
14520.000	0.017	14520.000	0.022	14520.000	0.021	14520.000	0.006	14520.000	0.024	14520.000	0.002	14520.000	0.004
14580.000	0.017	14580.000	0.023	14580.000	0.021	14580.000	0.006	14580.000	0.024	14580.000	0.002	14580.000	0.004
14640.000	0.017	14640.000	0.022	14640.000	0.021	14640.000	0.006	14640.000	0.024	14640.000	0.001	14640.000	0.004
14700.000	0.017	14700.000	0.023	14700.000	0.021	14700.000	0.006	14700.000	0.024	14700.000	0.002	14700.000	0.004
14760.000	0.017	14760.000	0.023	14760.000	0.021	14760.000	0.006	14760.000	0.024	14760.000	0.001	14760.000	0.004
14820.000	0.017	14820.000	0.023	14820.000	0.021	14820.000	0.006	14820.000	0.024	14820.000	0.002	14820.000	0.005
14880.000	0.017	14880.000	0.023	14880.000	0.021	14880.000	0.006	14880.000	0.024	14880.000	0.001	14880.000	0.005
14940.000	0.017	14940.000	0.023	14940.000	0.021	14940.000	0.006	14940.000	0.024	14940.000	0.002	14940.000	0.004
15000.000	0.017	15000.000	0.023	15000.000	0.021	15000.000	0.006	15000.000	0.024	15000.000	0.002	15000.000	0.005
15060.000	0.017	15060.000	0.023	15060.000	0.022	15060.000	0.006	15060.000	0.024	15060.000	0.002	15060.000	0.004
15120.000	0.017	15120.000	0.023	15120.000	0.021	15120.000	0.006	15120.000	0.024	15120.000	0.002	15120.000	0.005
15180.000	0.017	15180.000	0.023	15180.000	0.021	15180.000	0.006	15180.000	0.024	15180.000	0.002	15180.000	0.005
15240.000	0.017	15240.000	0.023	15240.000	0.021	15240.000	0.006	15240.000	0.024	15240.000	0.002	15240.000	0.004
15300.000	0.017	15300.000	0.023	15300.000	0.021	15300.000	0.006	15300.000	0.024	15300.000	0.002	15300.000	0.004
15360.000	0.017	15360.000	0.023	15360.000	0.021	15360.000	0.006	15360.000	0.024	15360.000	0.002	15360.000	0.004
15420.000	0.017	15420.000	0.023	15420.000	0.021	15420.000	0.006	15420.000	0.024	15420.000	0.002	15420.000	0.004
15480.000	0.017	15480.000	0.023	15480.000	0.021	15480.000	0.006	15480.000	0.024	15480.000	0.002	15480.000	0.004
15540.000	0.017	15540.000	0.023	15540.000	0.021	15540.000	0.006	15540.000	0.024	15540.000	0.002	15540.000	0.004
15600.000	0.017	15600.000	0.023	15600.000	0.021	15600.000	0.006	15600.000	0.024	15600.000	0.002	15600.000	0.004
15660.000	0.017	15660.000	0.023	15660.000	0.021	15660.000	0.006	15660.000	0.024	15660.000	0.002	15660.000	0.005
15720.000	0.018	15720.000	0.023	15720.000	0.021	15720.000	0.006	15720.000	0.024	15720.000	0.002	15720.000	0.004
15780.000	0.017	15780.000	0.023	15780.000	0.022	15780.000	0.006	15780.000	0.024	15780.000	0.002	15780.000	0.004
15840.000	0.018	15840.000	0.023	15840.000	0.021	15840.000	0.006	15840.000	0.024	15840.000	0.002	15840.000	0.005
15900.000	0.017	15900.000	0.023	15900.000	0.021	15900.000	0.006	15900.000	0.025	15900.000	0.002	15900.000	0.004
15960.000	0.017	15960.000	0.023	15960.000	0.021	15960.000	0.006	15960.000	0.024	15960.000	0.002	15960.000	0.005
16020.000	0.017	16020.000	0.023	16020.000	0.021	16020.000	0.006	16020.000	0.024	16020.000	0.002	16020.000	0.005
16080.000	0.018	16080.000	0.024	16080.000	0.021	16080.000	0.006	16080.000	0.024	16080.000	0.002	16080.000	0.005
16140.000	0.017	16140.000	0.023	16140.000	0.021	16140.000	0.006	16140.000	0.024	16140.000	0.002	16140.000	0.005
16200.000	0.017	16200.000	0.023	16200.000	0.022	16200.000	0.006	16200.000	0.024	16200.000	0.002	16200.000	0.005
16260.000	0.017	16260.000	0.023	16260.000	0.021	16260.000	0.006	16260.000	0.024	16260.000	0.002	16260.000	0.005
16320.000	0.018	16320.000	0.023	16320.000	0.021	16320.000	0.006	16320.000	0.024	16320.000	0.002	16320.000	0.004
16380.000	0.017	16380.000	0.023	16380.000	0.022	16380.000	0.006	16380.000	0.025	16380.000	0.002	16380.000	0.005
16440.000	0.017	16440.000	0.023	16440.000	0.022	16440.000	0.006	16440.000	0.024	16440.000	0.002	16440.000	0.004
16500.000	0.018	16500.000	0.023	16500.000	0.022	16500.000	0.006	16500.000	0.025	16500.000	0.002	16500.000	0.005
16560.000	0.018	16560.000	0.023	16560.000	0.021	16560.000	0.006	16560.000	0.024	16560.000	0.002	16560.000	0.005
16620.000	0.018	16620.000	0.023	16620.000	0.022	16620.000	0.006	16620.000	0.024	16620.000	0.002	16620.000	0.005
16680.000	0.017	16680.000	0.023	16680.000	0.022	16680.000	0.006	16680.000	0.024	16680.000	0.002	16680.000	0.004
16740.000	0.017	16740.000	0.023	16740.000	0.021	16740.000	0.006	16740.000	0.024	16740.000	0.002	16740.000	0.005
16800.000	0.018	16800.000	0.024	16800.000	0.022	16800.000	0.006	16800.000	0.024	16800.000	0.002	16800.000	0.005
16860.000	0.018	16860.000	0.023	16860.000	0.022	16860.000	0.006	16860.000	0.025	16860.000	0.002	16860.000	0.004
16920.000	0.018	16920.000	0.023	16920.000	0.021	16920.000	0.006	16920.000	0.024	16920.000	0.002	16920.000	0.004
16980.000	0.018	16980.000	0.023	16980.000	0.022	16980.000	0.006	16980.000	0.025	16980.000	0.002	16980.000	0.005
17040.000	0.017	17040.000	0.023	17040.000	0.022	17040.000	0.006	17040.000	0.025	17040.000	0.002	17040.000	0.004
17100.000	0.018	17100.000	0.023	17100.000	0.022	17100.000	0.006	17100.000	0.025	17100.000	0.002	17100.000	0.004
17160.000	0.018	17160.000	0.024	17160.000	0.022	17160.000	0.006	17160.000	0.025	17160.000	0.002	17160.000	0.004
17220.000	0.017	17220.000	0.024	17220.000	0.022	17220.000	0.006	17220.000	0.025	17220.000	0.002	17220.000	0.004
17280.000	0.018	17280.000	0.023	17280.000	0.022	17280.000	0.006	17280.000	0.025	17280.000	0.003	17280.000	0.004
17340.000	0.018	17340.000	0.023	17340.000	0.022	17340.000	0.006	17340.000	0.025	17340.000	0.002	17340.000	0.004
17400.000	0.017	17400.000	0.023	17400.000	0.022	17400.000	0.006	17400.000	0.025	17400.000	0.002	17400.000	0.004
17460.000	0.018	17460.000	0.024	17460.000	0.022	17460.000	0.006	17460.000	0.025	17460.000	0.002	17460.000	0.005
17520.000	0.018	17520.000	0.024	17520.000	0.022	17520.000	0.006	17520.000	0.025	17520.000	0.002	17520.000	0.005
17580.000	0.018	17580.000	0.024	17580.000	0.022	17580.000	0.006	17580.000	0.025	17580.000	0.002	17580.000	0.004
17640.000	0.018	17640.000	0.023	17640.000	0.022	17640.000	0.007	17640.000	0.025	17640.000	0.002	17640.000	0.005
17700.000	0.018	17700.000	0.024	17700.000	0.022	17700.000	0.006	17700.000	0.025	17700.000	0.003	17700.000	0.005
17760.000	0.018	17760.000	0.023	17760.000	0.022	17760.000	0.007	17760.000	0.025	17760.000	0.002	17760.000	0.005
17820.000	0.018	17820.000	0.024	17820.000	0.022	17820.000	0.006	17820.000	0.025	17820.000	0.002	17820.000	0.005
17880.000	0.018	17880.000	0.024	17880.000	0.022	17880.000	0.006	17880.000	0.025	17880.000	0.002	17880.000	0.004
17940.000	0.018	17940.000	0.023	17940.000	0.022	17940.000	0.006	17940.000	0.025	17940.000	0.002	17940.000	0.004
18000.000	0.018	18000.000	0.024	18000.000	0.022	18000.000	0.007	18000.000	0.025	18000.000	0.002	18000.000	0.005
18060.000	0.018	18060.000	0.024	18060.000	0.022	18060.000	0.006	18060.000	0.025	18060.000	0.003	18060.000	0.004
18120.000	0.018	18120.000	0.024	18120.000	0.022	18120.000	0.006	18120.000	0.025	18120.000	0.003	18120.000	0.005
18180.000	0.018	18180.000	0.024	18180.000	0.022	18180.000	0.007	18180.000	0.025	18180.000	0.002	18180.000	0.005
18240.000	0.018	18240.000	0.024	18240.000	0.022	18240.000	0.007	18240.000	0.025	18240.000	0.002	18240.000	0.005
18300.000	0.018	18300.000	0.024	18300.000	0.022	18300.000	0.007	18300.000	0.025	18300.000	0.003	18300.000	0.005
18360.000	0.018	18360.000	0.024	18360.000	0.022	18360.000	0.007	18360.000	0.025	18360.000	0.003	18360.000	0.005
18420.000	0.018	18420.000	0.024	18420.000	0.022	18420.000	0.006	18420.000	0.025	18420.000	0.003	18420.000	0.004
18480.000	0.018	18480.000	0.024	18480.000	0.022	18480.000	0.006	18480.000	0.025	18480.000	0.002	18480.000	0.004
18540.000	0.018	18540.000	0.024	18540.000	0.022	18540.000	0.006	18540.000	0.025	18540.000	0.002	18540.000	0.004
18600.000	0.018	18600.000	0.024	18600.000	0.022	18600.000	0.007	18600.000	0.025	18600.000	0.003	18600.000	0.005
18660.000	0.018	18660.000	0.024	18660.000	0.022	18660.000	0.007	18660.000	0.025	18660.000	0.003	18660.000	0.004
18720.000	0.018	18720.000	0.024	18720.000	0.022	18720.000	0.007	18720.000	0.025	18720.000	0.003	18720.000	0.004
18780.000	0.018	18780.000	0.024	18780.000	0.022	18780.000	0.007	18780.000	0.025	18780.000	0.003	18780.000	0.004
18840.000	0.018	18840.000	0.024	18840.000	0.022	18840.000	0.006	18840.000	0.025	18840.000	0.003	18840.000	0.005
18900.000	0.018	18900.000	0.024	18900.000	0.022	18900.000	0.007	18900.000	0.025	18900.000	0.002	18900.000	0.005
18960.000	0.018	18960.000	0.024	18960.000	0.022	18960.000	0.007	18960.000	0.025	18960.000	0.003	18960.000	0.004
19020.000	0.018	19020.000	0.024	19020.000	0.022	19020.000	0.007	19020.000	0.026	19020.000	0.003	19020.000	0.005
19080.000	0.018	19080.000	0.024	19080.000	0.022	19080.000	0.007	19080.000	0.025	19080.000	0.003	19080.000	0.005
19140.000	0.018	19140.000	0.024	19140.000	0.022	19140.000	0.007	19140.000	0.025	19140.000	0.003	19140.000	0.005
19200.000	0.018	19200.000	0.024	19200.000	0.022	19200.000	0.007	19200.000	0.025	19200.000	0.003	19200.000	0.005
19260.000	0.018	19260.000	0.024	19260.000	0.022	19260.000	0.007	19260.000	0.025	19260.000	0.003	19260.000	0.005
19320.000	0.018	19320.000	0.024	19320.000	0.022	19320.000	0.007	19320.000	0.025	19320.000	0.003	19320.000	0.005
19380.000	0.018	19380.000	0.024	19380.000	0.022	19380.000	0.007	19380.000	0.025	19380.000	0.003	19380.000	0.005
19440.000	0.018	19440.000	0.024	19440.000	0.022	19440.000	0.007	19440.000	0.025	19440.000	0.003	19440.000	0.005
19500.000	0.018	19500.000	0.024	19500.000	0.022	19500.000	0.007	19500.000	0.025	19500.000	0.003	19500.000	0.005
19560.000	0.018	19560.000	0.024	19560.000	0.022	19560.000	0.007	19560.000	0.025	19560.000	0.003	19560.000	0.005
19620.000	0.018	19620.000	0.024	19620.000	0.022	19620.000	0.007	19620.000	0.026	19620.000	0.003	19620.000	0.005
19680.000	0.018	19680.000	0.024	19680.000	0.022	19680.000	0.006	19680.000	0.026	19680.000	0.003	19680.000	0.005
19740.000	0.018	19740.000	0.024	19740.000	0.022	19740.000	0.007	19740.000	0.026	19740.000	0.003	19740.000	0.005
19800.000	0.018	19800.000	0.024	19800.000	0.022	19800.000	0.007	19800.000	0.026	19800.000	0.003	19800.000	0.005
19860.000	0.019	19860.000	0.024	19860.000	0.022	19860.000	0.007	19860.000	0.025	19860.000	0.003	19860.000	0.004
19920.000	0.018	19920.000	0.024	19920.000	0.022	19920.000	0.007	19920.000	0.026	19920.000	0.003	19920.000	0.005
19980.000	0.018	19980.000	0.024	19980.000	0.022	19980.000	0.007	19980.000	0.026	19980.000	0.003	19980.000	0.004
20040.000	0.018	20040.000	0.024	20040.000	0.022	20040.000	0.007	20040.000	0.026	20040.000	0.003	20040.000	0.004
20100.000	0.019	20100.000	0.024	20100.000	0.022	20100.000	0.007	20100.000	0.026	20100.000	0.003	20100.000	0.005
20160.000	0.019	20160.000	0.024	20160.000	0.022	20160.000	0.007	20160.000	0.026	20160.000	0.003	20160.000	0.004
20220.000	0.018	20220.000	0.024	20220.000	0.022	20220.000	0.007	20220.000	0.026	20220.000	0.003	20220.000	0.004
20280.000	0.018	20280.000	0.024	20280.000	0.022	20280.000	0.007	20280.000	0.026	20280.000	0.003	20280.000	0.005
20340.000	0.018	20340.000	0.024	20340.000	0.022	20340.000	0.007	20340.000	0.026	20340.000	0.003	20340.000	0.005
20400.000	0.019	20400.000	0.024	20400.000	0.022	20400.000	0.007	20400.000	0.026	20400.000	0.003	20400.000	0.005
20460.000	0.018	20460.000	0.024	20460.000	0.022	20460.000	0.007	20460.000	0.026	20460.000	0.003	20460.000	0.005
20520.000	0.019	20520.000	0.025	20520.000	0.022	20520.000	0.007	20520.000	0.026	20520.000	0.003	20520.000	0.005
20580.000	0.019	20580.000	0.025	20580.000	0.022	20580.000	0.007	20580.000	0.026	20580.000	0.003	20580.000	0.005
20640.000	0.018	20640.000	0.025	20640.000	0.022	20640.000	0.007	20640.000	0.026	20640.000	0.003	20640.000	0.005
20700.000	0.019	20700.000	0.025	20700.000	0.022	20700.000	0.007	20700.000	0.026	20700.000	0.003	20700.000	0.005
20760.000	0.019	20760.000	0.024	20760.000	0.022	20760.000	0.007	20760.000	0.026	20760.000	0.003	20760.000	0.005
20820.000	0.019	20820.000	0.025	20820.000	0.023	20820.000	0.007	20820.000	0.026	20820.000	0.003	20820.000	0.005
20880.000	0.019	20880.000	0.024	20880.000	0.022	20880.000	0.007	20880.000	0.026	20880.000	0.003	20880.000	0.005
20940.000	0.018	20940.000	0.024	20940.000	0.022	20940.000	0.007	20940.000	0.026	20940.000	0.003	20940.000	0.004
21000.000	0.019	21000.000	0.024	21000.000	0.022	21000.000	0.007	21000.000	0.026	21000.000	0.003	21000.000	0.005
21060.000	0.019	21060.000	0.025	21060.000	0.022	21060.000	0.007	21060.000	0.026	21060.000	0.003	21060.000	0.005
21120.000	0.019	21120.000	0.025	21120.000	0.022	21120.000	0.007	21120.000	0.026	21120.000	0.004	21120.000	0.005
21180.000	0.019	21180.000	0.025	21180.000	0.022	21180.000	0.007	21180.000	0.026	21180.000	0.003	21180.000	0.004
21240.000	0.019	21240.000	0.025	21240.000	0.022	21240.000	0.007	21240.000	0.026	21240.000	0.003	21240.000	0.004
21300.000	0.019	21300.000	0.025	21300.000	0.022	21300.000	0.007	21300.000	0.026	21300.000	0.003	21300.000	0.005
21360.000	0.019	21360.000	0.025	21360.000	0.023	21360.000	0.007	21360.000	0.026	21360.000	0.003	21360.000	0.004
21420.000	0.019	21420.000	0.025	21420.000	0.022	21420.000	0.007	21420.000	0.027	21420.000	0.003	21420.000	0.004
21480.000	0.018	21480.000	0.025	21480.000	0.022	21480.000	0.007	21480.000	0.026	21480.000	0.003	21480.000	0.005
21540.000	0.019	21540.000	0.025	21540.000	0.022	21540.000	0.007	21540.000	0.026	21540.000	0.003	21540.000	0.005
21600.000	0.019	21600.000	0.025	21600.000	0.022	21600.000	0.007	21600.000	0.026	21600.000	0.003	21600.000	0.004
21660.000	0.019	21660.000	0.025	21660.000	0.023	21660.000	0.007	21660.000	0.026	21660.000	0.003	21660.000	0.005
21720.000	0.019	21720.000	0.025	21720.000	0.022	21720.000	0.007	21720.000	0.026	21720.000	0.003	21720.000	0.005
21780.000	0.019	21780.000	0.025	21780.000	0.022	21780.000	0.007	21780.000	0.026	21780.000	0.003	21780.000	0.004
21840.000	0.019	21840.000	0.025	21840.000	0.023	21840.000	0.007	21840.000	0.026	21840.000	0.003	21840.000	0.005
21900.000	0.019	21900.000	0.025	21900.000	0.022	21900.000	0.007	21900.000	0.026	21900.000	0.004	21900.000	0.005
21960.000	0.019	21960.000	0.025	21960.000	0.022	21960.000	0.007	21960.000	0.027	21960.000	0.003	21960.000	0.005
22020.000	0.019	22020.000	0.025	22020.000	0.023	22020.000	0.007	22020.000	0.026	22020.000	0.004	22020.000	0.005
22080.000	0.019	22080.000	0.025	22080.000	0.022	22080.000	0.007	22080.000	0.026	22080.000	0.004	22080.000	0.005
22140.000	0.019	22140.000	0.025	22140.000	0.023	22140.000	0.007	22140.000	0.026	22140.000	0.003	22140.000	0.005
22200.000	0.019	22200.000	0.025	22200.000	0.022	22200.000	0.007	22200.000	0.027	22200.000	0.004	22200.000	0.005
22260.000	0.019	22260.000	0.025	22260.000	0.023	22260.000	0.007	22260.000	0.027	22260.000	0.004	22260.000	0.005
22320.000	0.019	22320.000	0.025	22320.000	0.023	22320.000	0.007	22320.000	0.027	22320.000	0.003	22320.000	0.005
22380.000	0.019	22380.000	0.025	22380.000	0.023	22380.000	0.007	22380.000	0.026	22380.000	0.004	22380.000	0.005
22440.000	0.019	22440.000	0.025	22440.000	0.022	22440.000	0.007	22440.000	0.026	22440.000	0.004	22440.000	0.005
22500.000	0.019	22500.000	0.025	22500.000	0.022	22500.000	0.007	22500.000	0.026	22500.000	0.004	22500.000	0.005
22560.000	0.019	22560.000	0.025	22560.000	0.022	22560.000	0.007	22560.000	0.026	22560.000	0.004	22560.000	0.004
22620.000	0.019	22620.000	0.025	22620.000	0.023	22620.000	0.007	22620.000	0.026	22620.000	0.004	22620.000	0.005
22680.000	0.019	22680.000	0.025	22680.000	0.022	22680.000	0.007	22680.000	0.026	22680.000	0.004	22680.000	0.005
22740.000	0.019	22740.000	0.025	22740.000	0.023	22740.000	0.007	22740.000	0.027	22740.000	0.004	22740.000	0.005
22800.000	0.019	22800.000	0.025	22800.000	0.022	22800.000	0.007	22800.000	0.027	22800.000	0.004	22800.000	0.005
22860.000	0.019	22860.000	0.025	22860.000	0.022	22860.000	0.007	22860.000	0.027	22860.000	0.004	22860.000	0.005
22920.000	0.019	22920.000	0.025	22920.000	0.022	22920.000	0.007	22920.000	0.027	22920.000	0.004	22920.000	0.005
22980.000	0.019	22980.000	0.025	22980.000	0.023	22980.000	0.008	22980.000	0.026	22980.000	0.004	22980.000	0.004
23040.000	0.019	23040.000	0.025	23040.000	0.022	23040.000	0.007	23040.000	0.026	23040.000	0.004	23040.000	0.004
23100.000	0.019	23100.000	0.025	23100.000	0.022	23100.000	0.007	23100.000	0.027	23100.000	0.004	23100.000	0.005
23160.000	0.019	23160.000	0.025	23160.000	0.022	23160.000	0.007	23160.000	0.026	23160.000	0.004	23160.000	0.005
23220.000	0.019	23220.000	0.025	23220.000	0.023	23220.000	0.007	23220.000	0.027	23220.000	0.004	23220.000	0.004
23280.000	0.019	23280.000	0.025	23280.000	0.022	23280.000	0.007	23280.000	0.027	23280.000	0.004	23280.000	0.005
23340.000	0.019	23340.000	0.025	23340.000	0.022	23340.000	0.007	23340.000	0.027	23340.000	0.004	23340.000	0.004
23400.000	0.019	23400.000	0.025	23400.000	0.023	23400.000	0.007	23400.000	0.026	23400.000	0.004	23400.000	0.005
23460.000	0.019	23460.000	0.025	23460.000	0.023	23460.000	0.007	23460.000	0.026	23460.000	0.004	23460.000	0.005
23520.000	0.019	23520.000	0.025	23520.000	0.023	23520.000	0.007	23520.000	0.027	23520.000	0.004	23520.000	0.005
23580.000	0.019	23580.000	0.025	23580.000	0.022	23580.000	0.007	23580.000	0.027	23580.000	0.004	23580.000	0.004
23640.000	0.019	23640.000	0.025	23640.000	0.023	23640.000	0.007	23640.000	0.027	23640.000	0.004	23640.000	0.005
23700.000	0.019	23700.000	0.026	23700.000	0.022	23700.000	0.007	23700.000	0.027	23700.000	0.004	23700.000	0.005
23760.000	0.019	23760.000	0.025	23760.000	0.023	23760.000	0.007	23760.000	0.027	23760.000	0.004	23760.000	0.005
23820.000	0.019	23820.000	0.025	23820.000	0.023	23820.000	0.007	23820.000	0.027	23820.000	0.004	23820.000	0.005
23880.000	0.019	23880.000	0.026	23880.000	0.023	23880.000	0.008	23880.000	0.027	23880.000	0.004	23880.000	0.005
23940.000	0.019	23940.000	0.025	23940.000	0.023	23940.000	0.007	23940.000	0.026	23940.000	0.004	23940.000	0.005
24000.000	0.019	24000.000	0.025	24000.000	0.023	24000.000	0.007	24000.000	0.027	24000.000	0.004	24000.000	0.005
24060.000	0.019	24060.000	0.025	24060.000	0.022	24060.000	0.007	24060.000	0.027	24060.000	0.004	24060.000	0.004
24120.000	0.020	24120.000	0.025	24120.000	0.023	24120.000	0.007	24120.000	0.027	24120.000	0.004	24120.000	0.005
24180.000	0.019	24180.000	0.025	24180.000	0.023	24180.000	0.007	24180.000	0.027	24180.000	0.004	24180.000	0.004
24240.000	0.019	24240.000	0.026	24240.000	0.022	24240.000	0.007	24240.000	0.027	24240.000	0.004	24240.000	0.005
24300.000	0.019	24300.000	0.025	24300.000	0.023	24300.000	0.007	24300.000	0.027	24300.000	0.004	24300.000	0.004
24360.000	0.020	24360.000	0.025	24360.000	0.022	24360.000	0.007	24360.000	0.027	24360.000	0.004	24360.000	0.005
24420.000	0.019	24420.000	0.026	24420.000	0.023	24420.000	0.007	24420.000	0.027	24420.000	0.004	24420.000	0.004
24480.000	0.019	24480.000	0.025	24480.000	0.023	24480.000	0.007	24480.000	0.027	24480.000	0.004	24480.000	0.005
24540.000	0.020	24540.000	0.026	24540.000	0.023	24540.000	0.007	24540.000	0.027	24540.000	0.004	24540.000	0.005
24600.000	0.019	24600.000	0.025	24600.000	0.023	24600.000	0.007	24600.000	0.027	24600.000	0.004	24600.000	0.005
24660.000	0.020	24660.000	0.026	24660.000	0.023	24660.000	0.008	24660.000	0.027	24660.000	0.004	24660.000	0.004
24720.000	0.020	24720.000	0.025	24720.000	0.022	24720.000	0.007	24720.000	0.027	24720.000	0.004	24720.000	0.005
24780.000	0.020	24780.000	0.025	24780.000	0.023	24780.000	0.007	24780.000	0.027	24780.000	0.005	24780.000	0.005
24840.000	0.020	24840.000	0.025	24840.000	0.023	24840.000	0.008	24840.000	0.027	24840.000	0.004	24840.000	0.005
24900.000	0.020	24900.000	0.026	24900.000	0.022	24900.000	0.007	24900.000	0.027	24900.000	0.005	24900.000	0.005
24960.000	0.020	24960.000	0.025	24960.000	0.022	24960.000	0.007	24960.000	0.027	24960.000	0.005	24960.000	0.005
25020.000	0.019	25020.000	0.025	25020.000	0.022	25020.000	0.007	25020.000	0.027	25020.000	0.004	25020.000	0.004
25080.000	0.020	25080.000	0.025	25080.000	0.023	25080.000	0.007	25080.000	0.027	25080.000	0.004	25080.000	0.005
25140.000	0.020	25140.000	0.025	25140.000	0.023	25140.000	0.008	25140.000	0.027	25140.000	0.004	25140.000	0.005
25200.000	0.020	25200.000	0.025	25200.000	0.023	25200.000	0.007	25200.000	0.027	25200.000	0.004	25200.000	0.005
25260.000	0.020	25260.000	0.025	25260.000	0.023	25260.000	0.008	25260.000	0.027	25260.000	0.004	25260.000	0.004
25320.000	0.019	25320.000	0.025	25320.000	0.023	25320.000	0.008	25320.000	0.027	25320.000	0.004	25320.000	0.005
25380.000	0.020	25380.000	0.025	25380.000	0.023	25380.000	0.007	25380.000	0.027	25380.000	0.004	25380.000	0.005
25440.000	0.020	25440.000	0.026	25440.000	0.023	25440.000	0.007	25440.000	0.027	25440.000	0.004	25440.000	0.005
25500.000	0.020	25500.000	0.025	25500.000	0.023	25500.000	0.008	25500.000	0.027	25500.000	0.005	25500.000	0.005
25560.000	0.019	25560.000	0.026	25560.000	0.023	25560.000	0.007	25560.000	0.027	25560.000	0.004	25560.000	0.005
25620.000	0.020	25620.000	0.025	25620.000	0.023	25620.000	0.008	25620.000	0.027	25620.000	0.004	25620.000	0.005
25680.000	0.020	25680.000	0.026	25680.000	0.023	25680.000	0.007	25680.000	0.027	25680.000	0.004	25680.000	0.005
25740.000	0.020	25740.000	0.026	25740.000	0.023	25740.000	0.007	25740.000	0.027	25740.000	0.004	25740.000	0.005
25800.000	0.020	25800.000	0.026	25800.000	0.023	25800.000	0.007	25800.000	0.027	25800.000	0.005	25800.000	0.004
25860.000	0.020	25860.000	0.025	25860.000	0.023	25860.000	0.008	25860.000	0.027	25860.000	0.004	25860.000	0.005
25920.000	0.020	25920.000	0.025	25920.000	0.023	25920.000	0.008	25920.000	0.027	25920.000	0.005	25920.000	0.004
25980.000	0.020	25980.000	0.025	25980.000	0.022	25980.000	0.007	25980.000	0.027	25980.000	0.005	25980.000	0.004
26040.000	0.020	26040.000	0.025	26040.000	0.023	26040.000	0.007	26040.000	0.027	26040.000	0.005	26040.000	0.005
26100.000	0.020	26100.000	0.026	26100.000	0.023	26100.000	0.007	26100.000	0.027	26100.000	0.005	26100.000	0.004
26160.000	0.020	26160.000	0.026	26160.000	0.023	26160.000	0.008	26160.000	0.027	26160.000	0.005	26160.000	0.005
26220.000	0.020	26220.000	0.026	26220.000	0.023	26220.000	0.008	26220.000	0.027	26220.000	0.005	26220.000	0.005
26280.000	0.020	26280.000	0.026	26280.000	0.023	26280.000	0.007	26280.000	0.027	26280.000	0.004	26280.000	0.004
26340.000	0.020	26340.000	0.026	26340.000	0.023	26340.000	0.008	26340.000	0.028	26340.000	0.005	26340.000	0.005
26400.000	0.020	26400.000	0.025	26400.000	0.023	26400.000	0.008	26400.000	0.027	26400.000	0.005	26400.000	0.004
26460.000	0.020	26460.000	0.026	26460.000	0.023	26460.000	0.008	26460.000	0.027	26460.000	0.005	26460.000	0.005
26520.000	0.020	26520.000	0.026	26520.000	0.023	26520.000	0.007	26520.000	0.027	26520.000	0.005	26520.000	0.005
26580.000	0.020	26580.000	0.026	26580.000	0.023	26580.000	0.008	26580.000	0.027	26580.000	0.005	26580.000	0.004
26640.000	0.020	26640.000	0.026	26640.000	0.023	26640.000	0.008	26640.000	0.027	26640.000	0.005	26640.000	0.005
26700.000	0.020	26700.000	0.026	26700.000	0.023	26700.000	0.007	26700.000	0.027	26700.000	0.005	26700.000	0.004
26760.000	0.020	26760.000	0.026	26760.000	0.023	26760.000	0.008	26760.000	0.027	26760.000	0.004	26760.000	0.005
26820.000	0.020	26820.000	0.026	26820.000	0.023	26820.000	0.007	26820.000	0.027	26820.000	0.005	26820.000	0.005
26880.000	0.020	26880.000	0.026	26880.000	0.023	26880.000	0.007	26880.000	0.028	26880.000	0.005	26880.000	0.005
26940.000	0.020	26940.000	0.026	26940.000	0.023	26940.000	0.008	26940.000	0.027	26940.000	0.005	26940.000	0.005
27000.000	0.020	27000.000	0.026	27000.000	0.023	27000.000	0.007	27000.000	0.027	27000.000	0.005	27000.000	0.004
27060.000	0.020	27060.000	0.026	27060.000	0.023	27060.000	0.008	27060.000	0.028	27060.000	0.005	27060.000	0.004
27120.000	0.020	27120.000	0.026	27120.000	0.023	27120.000	0.008	27120.000	0.027	27120.000	0.005	27120.000	0.005
27180.000	0.020	27180.000	0.026	27180.000	0.023	27180.000	0.007	27180.000	0.028	27180.000	0.005	27180.000	0.005
27240.000	0.020	27240.000	0.026	27240.000	0.023	27240.000	0.007	27240.000	0.028	27240.000	0.005	27240.000	0.005
27300.000	0.020	27300.000	0.026	27300.000	0.023	27300.000	0.007	27300.000	0.028	27300.000	0.005	27300.000	0.004
27360.000	0.020	27360.000	0.026	27360.000	0.023	27360.000	0.008	27360.000	0.028	27360.000	0.005	27360.000	0.004
27420.000	0.020	27420.000	0.026	27420.000	0.023	27420.000	0.007	27420.000	0.027	27420.000	0.005	27420.000	0.005
27480.000	0.020	27480.000	0.026	27480.000	0.023	27480.000	0.008	27480.000	0.027	27480.000	0.005	27480.000	0.005
27540.000	0.020	27540.000	0.026	27540.000	0.023	27540.000	0.008	27540.000	0.028	27540.000	0.005	27540.000	0.005
27600.000	0.020	27600.000	0.026	27600.000	0.023	27600.000	0.008	27600.000	0.028	27600.000	0.005	27600.000	0.004
27660.000	0.020	27660.000	0.026	27660.000	0.023	27660.000	0.007	27660.000	0.028	27660.000	0.005	27660.000	0.004
27720.000	0.021	27720.000	0.026	27720.000	0.023	27720.000	0.008	27720.000	0.028	27720.000	0.005	27720.000	0.005
27780.000	0.020	27780.000	0.026	27780.000	0.023	27780.000	0.008	27780.000	0.028	27780.000	0.005	27780.000	0.004
27840.000	0.020	27840.000	0.026	27840.000	0.023	27840.000	0.008	27840.000	0.027	27840.000	0.005	27840.000	0.005
27900.000	0.020	27900.000	0.026	27900.000	0.023	27900.000	0.008	27900.000	0.028	27900.000	0.005	27900.000	0.005
27960.000	0.020	27960.000	0.026	27960.000	0.023	27960.000	0.008	27960.000	0.028	27960.000	0.005	27960.000	0.005
28020.000	0.020	28020.000	0.026	28020.000	0.023	28020.000	0.008	28020.000	0.028	28020.000	0.005	28020.000	0.005
28080.000	0.020	28080.000	0.026	28080.000	0.023	28080.000	0.008	28080.000	0.028	28080.000	0.005	28080.000	0.005
28140.000	0.020	28140.000	0.026	28140.000	0.023	28140.000	0.008	28140.000	0.028	28140.000	0.005	28140.000	0.005
28200.000	0.020	28200.000	0.026	28200.000	0.023	28200.000	0.007	28200.000	0.028	28200.000	0.005	28200.000	0.004
28260.000	0.020	28260.000	0.026	28260.000	0.023	28260.000	0.008	28260.000	0.028	28260.000	0.005	28260.000	0.005
28320.000	0.020	28320.000	0.026	28320.000	0.023	28320.000	0.008	28320.000	0.028	28320.000	0.005	28320.000	0.004
28380.000	0.020	28380.000	0.026	28380.000	0.023	28380.000	0.008	28380.000	0.028	28380.000	0.005	28380.000	0.005
28440.000	0.021	28440.000	0.026	28440.000	0.023	28440.000	0.008	28440.000	0.028	28440.000	0.005	28440.000	0.005
28500.000	0.020	28500.000	0.026	28500.000	0.023	28500.000	0.008	28500.000	0.028	28500.000	0.005	28500.000	0.004
28560.000	0.021	28560.000	0.026	28560.000	0.023	28560.000	0.008	28560.000	0.028	28560.000	0.005	28560.000	0.005
28620.000	0.021	28620.000	0.026	28620.000	0.023	28620.000	0.008	28620.000	0.028	28620.000	0.005	28620.000	0.005
28680.000	0.020	28680.000	0.026	28680.000	0.023	28680.000	0.008	28680.000	0.027	28680.000	0.005	28680.000	0.005
28740.000	0.021	28740.000	0.026	28740.000	0.023	28740.000	0.008	28740.000	0.027	28740.000	0.005	28740.000	0.004
28800.000	0.021	28800.000	0.026	28800.000	0.023	28800.000	0.008	28800.000	0.027	28800.000	0.005	28800.000	0.004
													
													
													
