Batch	rate151.rre												
Evolution 600	161008												
Sample	Sample001	Sample	Sample002	Sample	Sample003	Sample	Sample004	Sample	Sample005	Sample	Sample006	Sample	Sample007
Data Mode	A	Data Mode	A	Data Mode	A	Data Mode	A	Data Mode	A	Data Mode	A	Data Mode	A
Smoothing	None	Smoothing	None	Smoothing	None	Smoothing	None	Smoothing	None	Smoothing	None	Smoothing	None
Date Collected	9/14/2010	Date Collected	9/14/2010	Date Collected	9/14/2010	Date Collected	9/14/2010	Date Collected	9/14/2010	Date Collected	9/14/2010	Date Collected	9/14/2010
Time Collected	11:07:02PM	Time Collected	11:07:09PM	Time Collected	11:07:17PM	Time Collected	11:07:24PM	Time Collected	11:07:32PM	Time Collected	11:07:39PM	Time Collected	11:07:47PM
ss.sss	Value	ss.sss	Value	ss.sss	Value	ss.sss	Value	ss.sss	Value	ss.sss	Value	ss.sss	Value
0.000	0.000	0.000	0.000	0.000	0.007	0.000	0.003	0.000	0.001	0.000	0.000	0.000	-0.005
60.000	0.000	60.000	0.000	60.000	0.006	60.000	0.004	60.000	0.001	60.000	-0.001	60.000	-0.005
120.000	0.000	120.000	0.000	120.000	0.006	120.000	0.004	120.000	0.000	120.000	0.000	120.000	-0.005
180.000	0.000	180.000	-0.001	180.000	0.007	180.000	0.004	180.000	0.001	180.000	0.000	180.000	-0.005
240.000	-0.001	240.000	-0.001	240.000	0.007	240.000	0.004	240.000	0.001	240.000	0.000	240.000	-0.005
300.000	-0.001	300.000	0.000	300.000	0.007	300.000	0.004	300.000	0.001	300.000	0.000	300.000	-0.005
360.000	0.000	360.000	0.000	360.000	0.007	360.000	0.004	360.000	0.000	360.000	-0.003	360.000	-0.005
420.000	0.000	420.000	0.000	420.000	0.007	420.000	0.004	420.000	0.000	420.000	-0.001	420.000	-0.006
480.000	-0.001	480.000	0.000	480.000	0.007	480.000	0.004	480.000	0.000	480.000	-0.001	480.000	-0.005
540.000	-0.001	540.000	0.000	540.000	0.007	540.000	0.004	540.000	0.000	540.000	-0.003	540.000	-0.005
600.000	0.000	600.000	0.000	600.000	0.007	600.000	0.004	600.000	0.000	600.000	-0.001	600.000	-0.006
660.000	-0.001	660.000	0.000	660.000	0.007	660.000	0.004	660.000	0.000	660.000	-0.002	660.000	-0.006
720.000	-0.001	720.000	0.000	720.000	0.007	720.000	0.004	720.000	0.000	720.000	-0.001	720.000	-0.006
780.000	0.000	780.000	0.000	780.000	0.008	780.000	0.004	780.000	0.000	780.000	-0.001	780.000	-0.006
840.000	0.000	840.000	0.000	840.000	0.008	840.000	0.004	840.000	0.000	840.000	-0.001	840.000	-0.006
900.000	-0.001	900.000	0.000	900.000	0.008	900.000	0.003	900.000	0.000	900.000	-0.002	900.000	-0.006
960.000	0.000	960.000	0.000	960.000	0.008	960.000	0.004	960.000	0.001	960.000	-0.002	960.000	-0.006
1020.000	-0.001	1020.000	0.000	1020.000	0.008	1020.000	0.004	1020.000	0.000	1020.000	-0.001	1020.000	-0.006
1080.000	0.000	1080.000	0.000	1080.000	0.008	1080.000	0.004	1080.000	0.000	1080.000	-0.001	1080.000	-0.006
1140.000	-0.001	1140.000	0.000	1140.000	0.008	1140.000	0.004	1140.000	0.000	1140.000	-0.002	1140.000	-0.006
1200.000	-0.001	1200.000	0.000	1200.000	0.008	1200.000	0.004	1200.000	0.000	1200.000	-0.002	1200.000	-0.006
1260.000	-0.001	1260.000	0.000	1260.000	0.009	1260.000	0.004	1260.000	0.000	1260.000	-0.002	1260.000	-0.006
1320.000	-0.001	1320.000	0.000	1320.000	0.008	1320.000	0.004	1320.000	0.000	1320.000	-0.002	1320.000	-0.006
1380.000	-0.001	1380.000	0.000	1380.000	0.009	1380.000	0.004	1380.000	0.000	1380.000	-0.002	1380.000	-0.006
1440.000	-0.001	1440.000	0.000	1440.000	0.009	1440.000	0.004	1440.000	0.000	1440.000	-0.002	1440.000	-0.006
1500.000	-0.001	1500.000	0.001	1500.000	0.009	1500.000	0.004	1500.000	0.000	1500.000	-0.002	1500.000	-0.006
1560.000	-0.001	1560.000	0.000	1560.000	0.008	1560.000	0.004	1560.000	0.000	1560.000	-0.002	1560.000	-0.006
1620.000	-0.001	1620.000	0.001	1620.000	0.009	1620.000	0.004	1620.000	0.000	1620.000	-0.002	1620.000	-0.006
1680.000	-0.001	1680.000	0.000	1680.000	0.009	1680.000	0.003	1680.000	0.000	1680.000	-0.002	1680.000	-0.007
1740.000	0.000	1740.000	0.001	1740.000	0.010	1740.000	0.003	1740.000	0.000	1740.000	-0.002	1740.000	-0.006
1800.000	-0.001	1800.000	0.000	1800.000	0.010	1800.000	0.004	1800.000	0.000	1800.000	-0.002	1800.000	-0.006
1860.000	-0.001	1860.000	0.001	1860.000	0.010	1860.000	0.004	1860.000	0.000	1860.000	-0.002	1860.000	-0.006
1920.000	0.000	1920.000	0.000	1920.000	0.010	1920.000	0.004	1920.000	0.000	1920.000	-0.002	1920.000	-0.006
1980.000	-0.001	1980.000	0.001	1980.000	0.010	1980.000	0.004	1980.000	0.000	1980.000	-0.002	1980.000	-0.006
2040.000	-0.001	2040.000	0.001	2040.000	0.011	2040.000	0.004	2040.000	0.000	2040.000	-0.002	2040.000	-0.006
2100.000	0.000	2100.000	0.001	2100.000	0.011	2100.000	0.003	2100.000	0.000	2100.000	-0.002	2100.000	-0.006
2160.000	-0.001	2160.000	0.001	2160.000	0.011	2160.000	0.004	2160.000	0.000	2160.000	-0.002	2160.000	-0.006
2220.000	-0.001	2220.000	0.001	2220.000	0.011	2220.000	0.003	2220.000	0.000	2220.000	-0.001	2220.000	-0.006
2280.000	0.000	2280.000	0.001	2280.000	0.011	2280.000	0.004	2280.000	0.000	2280.000	-0.001	2280.000	-0.006
2340.000	0.000	2340.000	0.001	2340.000	0.011	2340.000	0.004	2340.000	0.000	2340.000	-0.002	2340.000	-0.006
2400.000	0.000	2400.000	0.001	2400.000	0.011	2400.000	0.004	2400.000	0.000	2400.000	-0.001	2400.000	-0.006
2460.000	0.000	2460.000	0.001	2460.000	0.011	2460.000	0.004	2460.000	0.000	2460.000	-0.001	2460.000	-0.006
2520.000	0.000	2520.000	0.001	2520.000	0.011	2520.000	0.003	2520.000	0.000	2520.000	-0.002	2520.000	-0.007
2580.000	0.000	2580.000	0.001	2580.000	0.012	2580.000	0.003	2580.000	0.000	2580.000	-0.001	2580.000	-0.006
2640.000	0.000	2640.000	0.001	2640.000	0.011	2640.000	0.004	2640.000	0.000	2640.000	-0.001	2640.000	-0.007
2700.000	0.000	2700.000	0.001	2700.000	0.012	2700.000	0.003	2700.000	0.000	2700.000	-0.001	2700.000	-0.007
2760.000	-0.001	2760.000	0.001	2760.000	0.012	2760.000	0.004	2760.000	0.000	2760.000	-0.001	2760.000	-0.006
2820.000	-0.001	2820.000	0.001	2820.000	0.012	2820.000	0.004	2820.000	0.001	2820.000	-0.001	2820.000	-0.007
2880.000	0.000	2880.000	0.001	2880.000	0.012	2880.000	0.004	2880.000	0.000	2880.000	-0.001	2880.000	-0.006
2940.000	0.000	2940.000	0.001	2940.000	0.012	2940.000	0.003	2940.000	0.000	2940.000	-0.001	2940.000	-0.006
3000.000	0.000	3000.000	0.001	3000.000	0.012	3000.000	0.004	3000.000	0.001	3000.000	-0.001	3000.000	-0.007
3060.000	-0.001	3060.000	0.001	3060.000	0.013	3060.000	0.004	3060.000	0.000	3060.000	-0.001	3060.000	-0.006
3120.000	0.000	3120.000	0.001	3120.000	0.013	3120.000	0.004	3120.000	0.000	3120.000	-0.001	3120.000	-0.006
3180.000	0.000	3180.000	0.001	3180.000	0.013	3180.000	0.003	3180.000	0.000	3180.000	-0.001	3180.000	-0.006
3240.000	0.000	3240.000	0.001	3240.000	0.013	3240.000	0.003	3240.000	0.000	3240.000	-0.003	3240.000	-0.006
3300.000	-0.001	3300.000	0.002	3300.000	0.013	3300.000	0.004	3300.000	0.000	3300.000	-0.001	3300.000	-0.006
3360.000	0.000	3360.000	0.002	3360.000	0.013	3360.000	0.003	3360.000	0.000	3360.000	-0.001	3360.000	-0.007
3420.000	0.000	3420.000	0.002	3420.000	0.013	3420.000	0.004	3420.000	0.000	3420.000	-0.001	3420.000	-0.006
3480.000	0.000	3480.000	0.002	3480.000	0.014	3480.000	0.004	3480.000	0.000	3480.000	-0.001	3480.000	-0.006
3540.000	0.000	3540.000	0.002	3540.000	0.014	3540.000	0.004	3540.000	0.000	3540.000	-0.001	3540.000	-0.006
3600.000	0.000	3600.000	0.002	3600.000	0.014	3600.000	0.004	3600.000	0.001	3600.000	-0.001	3600.000	-0.006
3660.000	0.000	3660.000	0.001	3660.000	0.013	3660.000	0.004	3660.000	0.000	3660.000	-0.001	3660.000	-0.006
3720.000	0.000	3720.000	0.002	3720.000	0.013	3720.000	0.004	3720.000	0.000	3720.000	-0.001	3720.000	-0.006
3780.000	0.000	3780.000	0.002	3780.000	0.014	3780.000	0.003	3780.000	0.000	3780.000	-0.001	3780.000	-0.006
3840.000	0.000	3840.000	0.002	3840.000	0.014	3840.000	0.004	3840.000	0.000	3840.000	-0.001	3840.000	-0.006
3900.000	0.000	3900.000	0.002	3900.000	0.013	3900.000	0.004	3900.000	0.001	3900.000	-0.001	3900.000	-0.006
3960.000	0.000	3960.000	0.002	3960.000	0.014	3960.000	0.004	3960.000	0.001	3960.000	-0.001	3960.000	-0.006
4020.000	0.000	4020.000	0.002	4020.000	0.014	4020.000	0.004	4020.000	0.000	4020.000	-0.001	4020.000	-0.006
4080.000	0.000	4080.000	0.002	4080.000	0.014	4080.000	0.004	4080.000	0.000	4080.000	-0.001	4080.000	-0.006
4140.000	0.000	4140.000	0.002	4140.000	0.015	4140.000	0.003	4140.000	0.000	4140.000	-0.001	4140.000	-0.006
4200.000	0.000	4200.000	0.002	4200.000	0.015	4200.000	0.003	4200.000	0.000	4200.000	-0.001	4200.000	-0.006
4260.000	0.000	4260.000	0.002	4260.000	0.015	4260.000	0.003	4260.000	0.000	4260.000	-0.001	4260.000	-0.006
4320.000	0.000	4320.000	0.002	4320.000	0.015	4320.000	0.004	4320.000	0.000	4320.000	-0.001	4320.000	-0.006
4380.000	0.000	4380.000	0.002	4380.000	0.015	4380.000	0.003	4380.000	0.000	4380.000	-0.001	4380.000	-0.006
4440.000	0.000	4440.000	0.002	4440.000	0.015	4440.000	0.003	4440.000	0.000	4440.000	-0.001	4440.000	-0.006
4500.000	0.000	4500.000	0.002	4500.000	0.015	4500.000	0.003	4500.000	0.000	4500.000	0.000	4500.000	-0.006
4560.000	0.000	4560.000	0.002	4560.000	0.015	4560.000	0.004	4560.000	0.000	4560.000	0.000	4560.000	-0.006
4620.000	0.000	4620.000	0.002	4620.000	0.015	4620.000	0.004	4620.000	0.000	4620.000	0.000	4620.000	-0.006
4680.000	0.000	4680.000	0.002	4680.000	0.016	4680.000	0.004	4680.000	0.001	4680.000	0.000	4680.000	-0.006
4740.000	0.000	4740.000	0.002	4740.000	0.016	4740.000	0.004	4740.000	0.001	4740.000	0.000	4740.000	-0.006
4800.000	0.000	4800.000	0.002	4800.000	0.016	4800.000	0.004	4800.000	0.001	4800.000	0.000	4800.000	-0.006
4860.000	0.000	4860.000	0.002	4860.000	0.016	4860.000	0.004	4860.000	0.001	4860.000	0.001	4860.000	-0.006
4920.000	0.000	4920.000	0.002	4920.000	0.016	4920.000	0.004	4920.000	0.000	4920.000	0.000	4920.000	-0.006
4980.000	0.000	4980.000	0.002	4980.000	0.016	4980.000	0.004	4980.000	0.001	4980.000	0.000	4980.000	-0.005
5040.000	0.000	5040.000	0.002	5040.000	0.016	5040.000	0.003	5040.000	0.000	5040.000	0.000	5040.000	-0.006
5100.000	0.000	5100.000	0.002	5100.000	0.016	5100.000	0.004	5100.000	0.001	5100.000	0.000	5100.000	-0.006
5160.000	0.000	5160.000	0.002	5160.000	0.016	5160.000	0.004	5160.000	0.001	5160.000	-0.001	5160.000	-0.006
5220.000	-0.001	5220.000	0.003	5220.000	0.015	5220.000	0.004	5220.000	0.001	5220.000	0.000	5220.000	-0.006
5280.000	0.000	5280.000	0.002	5280.000	0.016	5280.000	0.004	5280.000	0.001	5280.000	0.001	5280.000	-0.005
5340.000	0.000	5340.000	0.002	5340.000	0.016	5340.000	0.003	5340.000	0.001	5340.000	0.001	5340.000	-0.005
5400.000	0.000	5400.000	0.002	5400.000	0.016	5400.000	0.003	5400.000	0.001	5400.000	0.001	5400.000	-0.005
5460.000	0.000	5460.000	0.003	5460.000	0.016	5460.000	0.003	5460.000	0.001	5460.000	0.001	5460.000	-0.006
5520.000	0.000	5520.000	0.003	5520.000	0.016	5520.000	0.003	5520.000	0.001	5520.000	0.001	5520.000	-0.006
5580.000	0.000	5580.000	0.003	5580.000	0.016	5580.000	0.004	5580.000	0.001	5580.000	0.001	5580.000	-0.006
5640.000	0.000	5640.000	0.003	5640.000	0.016	5640.000	0.003	5640.000	0.001	5640.000	0.000	5640.000	-0.005
5700.000	0.000	5700.000	0.003	5700.000	0.016	5700.000	0.003	5700.000	0.001	5700.000	0.000	5700.000	-0.005
5760.000	0.000	5760.000	0.002	5760.000	0.016	5760.000	0.004	5760.000	0.001	5760.000	0.000	5760.000	-0.006
5820.000	0.000	5820.000	0.003	5820.000	0.016	5820.000	0.003	5820.000	0.001	5820.000	0.000	5820.000	-0.005
5880.000	0.000	5880.000	0.003	5880.000	0.016	5880.000	0.003	5880.000	0.001	5880.000	-0.001	5880.000	-0.005
5940.000	0.000	5940.000	0.002	5940.000	0.016	5940.000	0.003	5940.000	0.001	5940.000	0.000	5940.000	-0.005
6000.000	0.000	6000.000	0.003	6000.000	0.016	6000.000	0.003	6000.000	0.001	6000.000	0.000	6000.000	-0.005
6060.000	0.000	6060.000	0.003	6060.000	0.017	6060.000	0.003	6060.000	0.001	6060.000	-0.002	6060.000	-0.005
6120.000	0.000	6120.000	0.003	6120.000	0.017	6120.000	0.004	6120.000	0.001	6120.000	0.000	6120.000	-0.005
6180.000	0.000	6180.000	0.003	6180.000	0.017	6180.000	0.004	6180.000	0.001	6180.000	0.000	6180.000	-0.005
6240.000	0.000	6240.000	0.003	6240.000	0.017	6240.000	0.003	6240.000	0.001	6240.000	0.000	6240.000	-0.005
6300.000	0.000	6300.000	0.003	6300.000	0.017	6300.000	0.003	6300.000	0.001	6300.000	0.000	6300.000	-0.005
6360.000	0.000	6360.000	0.003	6360.000	0.017	6360.000	0.004	6360.000	0.001	6360.000	0.000	6360.000	-0.005
6420.000	0.000	6420.000	0.003	6420.000	0.017	6420.000	0.003	6420.000	0.001	6420.000	0.000	6420.000	-0.006
6480.000	0.000	6480.000	0.003	6480.000	0.017	6480.000	0.004	6480.000	0.001	6480.000	0.000	6480.000	-0.005
6540.000	0.000	6540.000	0.003	6540.000	0.017	6540.000	0.003	6540.000	0.001	6540.000	-0.001	6540.000	-0.005
6600.000	0.000	6600.000	0.003	6600.000	0.017	6600.000	0.004	6600.000	0.001	6600.000	0.000	6600.000	-0.005
6660.000	0.000	6660.000	0.003	6660.000	0.017	6660.000	0.004	6660.000	0.001	6660.000	0.000	6660.000	-0.005
6720.000	0.000	6720.000	0.003	6720.000	0.017	6720.000	0.003	6720.000	0.001	6720.000	0.000	6720.000	-0.005
6780.000	0.000	6780.000	0.003	6780.000	0.017	6780.000	0.003	6780.000	0.001	6780.000	0.000	6780.000	-0.005
6840.000	0.000	6840.000	0.003	6840.000	0.017	6840.000	0.004	6840.000	0.002	6840.000	0.000	6840.000	-0.005
6900.000	0.000	6900.000	0.003	6900.000	0.017	6900.000	0.004	6900.000	0.001	6900.000	-0.001	6900.000	-0.005
6960.000	0.000	6960.000	0.003	6960.000	0.017	6960.000	0.003	6960.000	0.001	6960.000	0.000	6960.000	-0.005
7020.000	0.000	7020.000	0.003	7020.000	0.017	7020.000	0.004	7020.000	0.001	7020.000	0.000	7020.000	-0.005
7080.000	0.000	7080.000	0.003	7080.000	0.016	7080.000	0.004	7080.000	0.001	7080.000	0.000	7080.000	-0.005
7140.000	0.000	7140.000	0.003	7140.000	0.017	7140.000	0.003	7140.000	0.001	7140.000	0.000	7140.000	-0.005
7200.000	0.000	7200.000	0.003	7200.000	0.017	7200.000	0.004	7200.000	0.001	7200.000	0.000	7200.000	-0.005
7260.000	0.000	7260.000	0.003	7260.000	0.017	7260.000	0.003	7260.000	0.001	7260.000	0.001	7260.000	-0.005
7320.000	0.000	7320.000	0.003	7320.000	0.017	7320.000	0.003	7320.000	0.002	7320.000	0.001	7320.000	-0.005
7380.000	0.000	7380.000	0.003	7380.000	0.017	7380.000	0.004	7380.000	0.002	7380.000	0.001	7380.000	-0.005
7440.000	0.000	7440.000	0.003	7440.000	0.017	7440.000	0.004	7440.000	0.002	7440.000	0.001	7440.000	-0.005
7500.000	0.000	7500.000	0.004	7500.000	0.017	7500.000	0.004	7500.000	0.002	7500.000	0.000	7500.000	-0.005
7560.000	0.000	7560.000	0.003	7560.000	0.017	7560.000	0.004	7560.000	0.002	7560.000	0.000	7560.000	-0.004
7620.000	0.000	7620.000	0.003	7620.000	0.017	7620.000	0.003	7620.000	0.002	7620.000	0.000	7620.000	-0.005
7680.000	0.000	7680.000	0.003	7680.000	0.017	7680.000	0.003	7680.000	0.002	7680.000	0.001	7680.000	-0.005
7740.000	0.000	7740.000	0.003	7740.000	0.017	7740.000	0.004	7740.000	0.001	7740.000	0.001	7740.000	-0.005
7800.000	0.000	7800.000	0.003	7800.000	0.017	7800.000	0.003	7800.000	0.002	7800.000	0.001	7800.000	-0.005
7860.000	0.000	7860.000	0.004	7860.000	0.017	7860.000	0.003	7860.000	0.001	7860.000	0.001	7860.000	-0.005
7920.000	0.000	7920.000	0.004	7920.000	0.017	7920.000	0.003	7920.000	0.002	7920.000	0.001	7920.000	-0.005
7980.000	0.000	7980.000	0.003	7980.000	0.017	7980.000	0.003	7980.000	0.002	7980.000	-0.001	7980.000	-0.005
8040.000	0.000	8040.000	0.004	8040.000	0.017	8040.000	0.004	8040.000	0.001	8040.000	0.002	8040.000	-0.005
8100.000	-0.001	8100.000	0.004	8100.000	0.017	8100.000	0.003	8100.000	0.001	8100.000	0.002	8100.000	-0.005
8160.000	0.000	8160.000	0.004	8160.000	0.017	8160.000	0.004	8160.000	0.002	8160.000	0.001	8160.000	-0.005
8220.000	0.000	8220.000	0.003	8220.000	0.017	8220.000	0.003	8220.000	0.001	8220.000	0.001	8220.000	-0.005
8280.000	0.000	8280.000	0.004	8280.000	0.017	8280.000	0.004	8280.000	0.002	8280.000	0.000	8280.000	-0.004
8340.000	0.000	8340.000	0.003	8340.000	0.017	8340.000	0.003	8340.000	0.002	8340.000	0.001	8340.000	-0.005
8400.000	0.000	8400.000	0.004	8400.000	0.017	8400.000	0.004	8400.000	0.002	8400.000	0.001	8400.000	-0.005
8460.000	0.000	8460.000	0.004	8460.000	0.017	8460.000	0.003	8460.000	0.001	8460.000	0.001	8460.000	-0.005
8520.000	0.000	8520.000	0.003	8520.000	0.017	8520.000	0.003	8520.000	0.002	8520.000	0.000	8520.000	-0.005
8580.000	0.000	8580.000	0.003	8580.000	0.017	8580.000	0.003	8580.000	0.002	8580.000	0.000	8580.000	-0.005
8640.000	0.000	8640.000	0.003	8640.000	0.017	8640.000	0.003	8640.000	0.002	8640.000	0.000	8640.000	-0.005
8700.000	0.000	8700.000	0.003	8700.000	0.017	8700.000	0.004	8700.000	0.002	8700.000	0.000	8700.000	-0.004
8760.000	0.000	8760.000	0.003	8760.000	0.017	8760.000	0.003	8760.000	0.002	8760.000	-0.002	8760.000	-0.004
8820.000	0.000	8820.000	0.003	8820.000	0.017	8820.000	0.003	8820.000	0.002	8820.000	0.000	8820.000	-0.004
8880.000	0.000	8880.000	0.003	8880.000	0.017	8880.000	0.004	8880.000	0.002	8880.000	0.000	8880.000	-0.005
8940.000	0.000	8940.000	0.003	8940.000	0.017	8940.000	0.004	8940.000	0.002	8940.000	0.000	8940.000	-0.004
9000.000	0.000	9000.000	0.003	9000.000	0.017	9000.000	0.003	9000.000	0.002	9000.000	0.000	9000.000	-0.004
9060.000	0.000	9060.000	0.004	9060.000	0.017	9060.000	0.003	9060.000	0.002	9060.000	0.000	9060.000	-0.005
9120.000	0.000	9120.000	0.003	9120.000	0.017	9120.000	0.003	9120.000	0.002	9120.000	0.001	9120.000	-0.005
9180.000	0.000	9180.000	0.004	9180.000	0.017	9180.000	0.004	9180.000	0.002	9180.000	0.000	9180.000	-0.004
9240.000	0.000	9240.000	0.004	9240.000	0.017	9240.000	0.004	9240.000	0.002	9240.000	0.001	9240.000	-0.004
9300.000	0.000	9300.000	0.003	9300.000	0.017	9300.000	0.004	9300.000	0.002	9300.000	0.000	9300.000	-0.004
9360.000	0.000	9360.000	0.004	9360.000	0.017	9360.000	0.004	9360.000	0.002	9360.000	0.001	9360.000	-0.004
9420.000	0.000	9420.000	0.004	9420.000	0.017	9420.000	0.003	9420.000	0.002	9420.000	0.000	9420.000	-0.004
9480.000	-0.001	9480.000	0.004	9480.000	0.017	9480.000	0.004	9480.000	0.002	9480.000	0.001	9480.000	-0.004
9540.000	-0.001	9540.000	0.004	9540.000	0.017	9540.000	0.003	9540.000	0.002	9540.000	0.001	9540.000	-0.004
9600.000	0.000	9600.000	0.004	9600.000	0.017	9600.000	0.004	9600.000	0.002	9600.000	0.001	9600.000	-0.004
9660.000	0.000	9660.000	0.004	9660.000	0.017	9660.000	0.003	9660.000	0.002	9660.000	0.000	9660.000	-0.004
9720.000	-0.001	9720.000	0.004	9720.000	0.017	9720.000	0.004	9720.000	0.002	9720.000	0.000	9720.000	-0.004
9780.000	0.000	9780.000	0.003	9780.000	0.017	9780.000	0.004	9780.000	0.002	9780.000	0.000	9780.000	-0.004
9840.000	0.000	9840.000	0.004	9840.000	0.017	9840.000	0.003	9840.000	0.002	9840.000	0.001	9840.000	-0.004
9900.000	0.000	9900.000	0.004	9900.000	0.017	9900.000	0.003	9900.000	0.002	9900.000	0.000	9900.000	-0.004
9960.000	-0.001	9960.000	0.004	9960.000	0.017	9960.000	0.003	9960.000	0.002	9960.000	0.001	9960.000	-0.004
10020.000	0.000	10020.000	0.004	10020.000	0.017	10020.000	0.003	10020.000	0.002	10020.000	0.001	10020.000	-0.004
10080.000	-0.001	10080.000	0.004	10080.000	0.017	10080.000	0.003	10080.000	0.002	10080.000	0.001	10080.000	-0.004
10140.000	-0.001	10140.000	0.004	10140.000	0.017	10140.000	0.003	10140.000	0.002	10140.000	0.000	10140.000	-0.004
10200.000	-0.001	10200.000	0.003	10200.000	0.017	10200.000	0.003	10200.000	0.002	10200.000	0.001	10200.000	-0.004
10260.000	-0.001	10260.000	0.004	10260.000	0.017	10260.000	0.003	10260.000	0.002	10260.000	0.000	10260.000	-0.004
10320.000	0.000	10320.000	0.003	10320.000	0.017	10320.000	0.004	10320.000	0.002	10320.000	0.001	10320.000	-0.004
10380.000	0.000	10380.000	0.004	10380.000	0.017	10380.000	0.003	10380.000	0.002	10380.000	0.001	10380.000	-0.004
10440.000	0.000	10440.000	0.004	10440.000	0.017	10440.000	0.004	10440.000	0.002	10440.000	0.000	10440.000	-0.004
10500.000	0.000	10500.000	0.004	10500.000	0.017	10500.000	0.003	10500.000	0.002	10500.000	0.001	10500.000	-0.004
10560.000	-0.001	10560.000	0.004	10560.000	0.017	10560.000	0.003	10560.000	0.002	10560.000	0.001	10560.000	-0.004
10620.000	0.000	10620.000	0.004	10620.000	0.017	10620.000	0.003	10620.000	0.002	10620.000	-0.001	10620.000	-0.004
10680.000	-0.001	10680.000	0.004	10680.000	0.017	10680.000	0.004	10680.000	0.002	10680.000	-0.001	10680.000	-0.004
10740.000	0.000	10740.000	0.004	10740.000	0.017	10740.000	0.003	10740.000	0.002	10740.000	0.001	10740.000	-0.004
10800.000	0.000	10800.000	0.004	10800.000	0.017	10800.000	0.004	10800.000	0.002	10800.000	0.001	10800.000	-0.004
10860.000	0.000	10860.000	0.004	10860.000	0.017	10860.000	0.003	10860.000	0.002	10860.000	0.001	10860.000	-0.004
10920.000	0.000	10920.000	0.004	10920.000	0.017	10920.000	0.004	10920.000	0.002	10920.000	-0.001	10920.000	-0.004
10980.000	-0.001	10980.000	0.004	10980.000	0.017	10980.000	0.003	10980.000	0.002	10980.000	0.001	10980.000	-0.004
11040.000	0.000	11040.000	0.004	11040.000	0.017	11040.000	0.004	11040.000	0.003	11040.000	0.001	11040.000	-0.004
11100.000	-0.001	11100.000	0.004	11100.000	0.017	11100.000	0.003	11100.000	0.002	11100.000	0.001	11100.000	-0.004
11160.000	0.000	11160.000	0.003	11160.000	0.017	11160.000	0.003	11160.000	0.002	11160.000	0.000	11160.000	-0.004
11220.000	-0.001	11220.000	0.004	11220.000	0.017	11220.000	0.003	11220.000	0.002	11220.000	0.001	11220.000	-0.004
11280.000	0.000	11280.000	0.004	11280.000	0.016	11280.000	0.004	11280.000	0.003	11280.000	0.001	11280.000	-0.004
11340.000	0.000	11340.000	0.004	11340.000	0.017	11340.000	0.004	11340.000	0.002	11340.000	0.001	11340.000	-0.004
11400.000	-0.001	11400.000	0.004	11400.000	0.017	11400.000	0.003	11400.000	0.002	11400.000	0.001	11400.000	-0.004
11460.000	-0.001	11460.000	0.003	11460.000	0.017	11460.000	0.003	11460.000	0.003	11460.000	0.001	11460.000	-0.003
11520.000	-0.001	11520.000	0.004	11520.000	0.017	11520.000	0.004	11520.000	0.002	11520.000	0.001	11520.000	-0.004
11580.000	-0.001	11580.000	0.004	11580.000	0.016	11580.000	0.004	11580.000	0.002	11580.000	0.002	11580.000	-0.004
11640.000	-0.001	11640.000	0.004	11640.000	0.017	11640.000	0.003	11640.000	0.002	11640.000	0.002	11640.000	-0.004
11700.000	-0.001	11700.000	0.004	11700.000	0.017	11700.000	0.004	11700.000	0.003	11700.000	0.002	11700.000	-0.004
11760.000	-0.001	11760.000	0.004	11760.000	0.017	11760.000	0.004	11760.000	0.003	11760.000	0.002	11760.000	-0.004
11820.000	0.000	11820.000	0.004	11820.000	0.017	11820.000	0.003	11820.000	0.002	11820.000	0.001	11820.000	-0.004
11880.000	-0.001	11880.000	0.003	11880.000	0.017	11880.000	0.004	11880.000	0.002	11880.000	0.002	11880.000	-0.004
11940.000	-0.001	11940.000	0.004	11940.000	0.017	11940.000	0.004	11940.000	0.003	11940.000	0.001	11940.000	-0.004
12000.000	0.000	12000.000	0.003	12000.000	0.017	12000.000	0.004	12000.000	0.003	12000.000	0.001	12000.000	-0.004
12060.000	0.000	12060.000	0.004	12060.000	0.017	12060.000	0.004	12060.000	0.003	12060.000	0.001	12060.000	-0.004
12120.000	-0.001	12120.000	0.004	12120.000	0.017	12120.000	0.003	12120.000	0.002	12120.000	0.001	12120.000	-0.004
12180.000	0.000	12180.000	0.004	12180.000	0.017	12180.000	0.004	12180.000	0.002	12180.000	0.001	12180.000	-0.004
12240.000	0.000	12240.000	0.004	12240.000	0.017	12240.000	0.004	12240.000	0.002	12240.000	0.002	12240.000	-0.004
12300.000	-0.001	12300.000	0.004	12300.000	0.017	12300.000	0.004	12300.000	0.003	12300.000	0.001	12300.000	-0.004
12360.000	0.000	12360.000	0.004	12360.000	0.016	12360.000	0.004	12360.000	0.003	12360.000	0.001	12360.000	-0.004
12420.000	0.000	12420.000	0.003	12420.000	0.017	12420.000	0.004	12420.000	0.003	12420.000	0.001	12420.000	-0.003
12480.000	0.000	12480.000	0.004	12480.000	0.017	12480.000	0.003	12480.000	0.003	12480.000	0.002	12480.000	-0.003
12540.000	-0.001	12540.000	0.004	12540.000	0.017	12540.000	0.003	12540.000	0.002	12540.000	0.002	12540.000	-0.003
12600.000	-0.001	12600.000	0.004	12600.000	0.017	12600.000	0.004	12600.000	0.003	12600.000	0.000	12600.000	-0.003
12660.000	-0.001	12660.000	0.003	12660.000	0.017	12660.000	0.004	12660.000	0.003	12660.000	0.001	12660.000	-0.004
12720.000	-0.001	12720.000	0.004	12720.000	0.016	12720.000	0.004	12720.000	0.003	12720.000	0.002	12720.000	-0.003
12780.000	0.000	12780.000	0.004	12780.000	0.016	12780.000	0.003	12780.000	0.003	12780.000	0.002	12780.000	-0.003
12840.000	0.000	12840.000	0.004	12840.000	0.016	12840.000	0.004	12840.000	0.003	12840.000	0.002	12840.000	-0.003
12900.000	-0.001	12900.000	0.004	12900.000	0.016	12900.000	0.004	12900.000	0.003	12900.000	0.001	12900.000	-0.003
12960.000	-0.001	12960.000	0.004	12960.000	0.017	12960.000	0.004	12960.000	0.003	12960.000	0.001	12960.000	-0.003
13020.000	-0.001	13020.000	0.004	13020.000	0.016	13020.000	0.004	13020.000	0.003	13020.000	0.000	13020.000	-0.004
13080.000	-0.001	13080.000	0.004	13080.000	0.017	13080.000	0.003	13080.000	0.002	13080.000	0.001	13080.000	-0.003
13140.000	-0.001	13140.000	0.004	13140.000	0.017	13140.000	0.004	13140.000	0.003	13140.000	0.001	13140.000	-0.004
13200.000	0.000	13200.000	0.004	13200.000	0.017	13200.000	0.004	13200.000	0.003	13200.000	0.001	13200.000	-0.004
13260.000	-0.001	13260.000	0.004	13260.000	0.017	13260.000	0.004	13260.000	0.003	13260.000	0.001	13260.000	-0.003
13320.000	0.000	13320.000	0.004	13320.000	0.017	13320.000	0.003	13320.000	0.003	13320.000	0.000	13320.000	-0.003
13380.000	-0.001	13380.000	0.004	13380.000	0.016	13380.000	0.004	13380.000	0.003	13380.000	0.001	13380.000	-0.004
13440.000	-0.001	13440.000	0.004	13440.000	0.017	13440.000	0.004	13440.000	0.003	13440.000	0.001	13440.000	-0.003
13500.000	0.000	13500.000	0.004	13500.000	0.016	13500.000	0.003	13500.000	0.003	13500.000	0.001	13500.000	-0.003
13560.000	0.000	13560.000	0.004	13560.000	0.016	13560.000	0.004	13560.000	0.003	13560.000	0.001	13560.000	-0.003
13620.000	-0.001	13620.000	0.004	13620.000	0.017	13620.000	0.003	13620.000	0.003	13620.000	0.001	13620.000	-0.003
13680.000	-0.001	13680.000	0.004	13680.000	0.017	13680.000	0.003	13680.000	0.003	13680.000	0.001	13680.000	-0.003
13740.000	0.000	13740.000	0.004	13740.000	0.016	13740.000	0.004	13740.000	0.003	13740.000	-0.001	13740.000	-0.003
13800.000	-0.001	13800.000	0.003	13800.000	0.017	13800.000	0.004	13800.000	0.003	13800.000	0.002	13800.000	-0.003
13860.000	0.000	13860.000	0.004	13860.000	0.016	13860.000	0.004	13860.000	0.003	13860.000	0.002	13860.000	-0.003
13920.000	0.000	13920.000	0.004	13920.000	0.016	13920.000	0.004	13920.000	0.003	13920.000	0.002	13920.000	-0.003
13980.000	0.000	13980.000	0.004	13980.000	0.016	13980.000	0.004	13980.000	0.003	13980.000	0.000	13980.000	-0.003
14040.000	-0.001	14040.000	0.003	14040.000	0.016	14040.000	0.004	14040.000	0.003	14040.000	0.002	14040.000	-0.003
14100.000	-0.001	14100.000	0.004	14100.000	0.016	14100.000	0.004	14100.000	0.003	14100.000	0.001	14100.000	-0.003
14160.000	0.000	14160.000	0.004	14160.000	0.016	14160.000	0.004	14160.000	0.003	14160.000	0.002	14160.000	-0.003
14220.000	-0.001	14220.000	0.004	14220.000	0.016	14220.000	0.004	14220.000	0.003	14220.000	0.001	14220.000	-0.003
14280.000	-0.001	14280.000	0.004	14280.000	0.016	14280.000	0.004	14280.000	0.003	14280.000	0.001	14280.000	-0.003
14340.000	-0.001	14340.000	0.004	14340.000	0.016	14340.000	0.004	14340.000	0.003	14340.000	0.001	14340.000	-0.003
14400.000	-0.001	14400.000	0.004	14400.000	0.016	14400.000	0.003	14400.000	0.003	14400.000	0.001	14400.000	-0.003
14460.000	0.000	14460.000	0.004	14460.000	0.016	14460.000	0.004	14460.000	0.003	14460.000	0.001	14460.000	-0.003
14520.000	-0.001	14520.000	0.004	14520.000	0.016	14520.000	0.004	14520.000	0.003	14520.000	0.001	14520.000	-0.003
14580.000	0.000	14580.000	0.003	14580.000	0.016	14580.000	0.004	14580.000	0.003	14580.000	0.002	14580.000	-0.003
14640.000	-0.001	14640.000	0.003	14640.000	0.016	14640.000	0.004	14640.000	0.003	14640.000	0.001	14640.000	-0.003
14700.000	0.000	14700.000	0.004	14700.000	0.016	14700.000	0.004	14700.000	0.003	14700.000	0.001	14700.000	-0.003
14760.000	0.000	14760.000	0.004	14760.000	0.016	14760.000	0.004	14760.000	0.003	14760.000	0.002	14760.000	-0.003
14820.000	0.000	14820.000	0.004	14820.000	0.016	14820.000	0.003	14820.000	0.003	14820.000	0.002	14820.000	-0.003
14880.000	0.000	14880.000	0.004	14880.000	0.016	14880.000	0.004	14880.000	0.003	14880.000	0.001	14880.000	-0.003
14940.000	0.000	14940.000	0.004	14940.000	0.016	14940.000	0.004	14940.000	0.003	14940.000	0.001	14940.000	-0.003
15000.000	0.000	15000.000	0.004	15000.000	0.016	15000.000	0.004	15000.000	0.003	15000.000	0.001	15000.000	-0.003
15060.000	0.000	15060.000	0.004	15060.000	0.016	15060.000	0.004	15060.000	0.003	15060.000	0.001	15060.000	-0.003
15120.000	0.000	15120.000	0.004	15120.000	0.016	15120.000	0.003	15120.000	0.003	15120.000	0.002	15120.000	-0.003
15180.000	0.000	15180.000	0.004	15180.000	0.016	15180.000	0.004	15180.000	0.003	15180.000	0.001	15180.000	-0.003
15240.000	0.000	15240.000	0.004	15240.000	0.016	15240.000	0.004	15240.000	0.003	15240.000	-0.001	15240.000	-0.003
15300.000	0.000	15300.000	0.004	15300.000	0.016	15300.000	0.004	15300.000	0.003	15300.000	0.002	15300.000	-0.003
15360.000	0.000	15360.000	0.004	15360.000	0.016	15360.000	0.004	15360.000	0.003	15360.000	0.002	15360.000	-0.003
15420.000	0.000	15420.000	0.004	15420.000	0.016	15420.000	0.004	15420.000	0.003	15420.000	0.001	15420.000	-0.003
15480.000	0.000	15480.000	0.004	15480.000	0.016	15480.000	0.004	15480.000	0.003	15480.000	0.001	15480.000	-0.003
15540.000	0.000	15540.000	0.004	15540.000	0.016	15540.000	0.004	15540.000	0.003	15540.000	0.001	15540.000	-0.003
15600.000	-0.001	15600.000	0.004	15600.000	0.016	15600.000	0.004	15600.000	0.003	15600.000	0.001	15600.000	-0.003
15660.000	0.000	15660.000	0.004	15660.000	0.016	15660.000	0.004	15660.000	0.003	15660.000	0.001	15660.000	-0.003
15720.000	-0.001	15720.000	0.003	15720.000	0.016	15720.000	0.003	15720.000	0.003	15720.000	0.001	15720.000	-0.003
15780.000	0.000	15780.000	0.004	15780.000	0.016	15780.000	0.003	15780.000	0.003	15780.000	0.002	15780.000	-0.003
15840.000	-0.001	15840.000	0.003	15840.000	0.016	15840.000	0.004	15840.000	0.003	15840.000	0.002	15840.000	-0.003
15900.000	0.000	15900.000	0.003	15900.000	0.016	15900.000	0.004	15900.000	0.003	15900.000	0.002	15900.000	-0.003
15960.000	-0.001	15960.000	0.004	15960.000	0.016	15960.000	0.004	15960.000	0.004	15960.000	0.002	15960.000	-0.003
16020.000	-0.001	16020.000	0.004	16020.000	0.016	16020.000	0.004	16020.000	0.003	16020.000	0.002	16020.000	-0.003
16080.000	-0.001	16080.000	0.004	16080.000	0.016	16080.000	0.004	16080.000	0.004	16080.000	0.001	16080.000	-0.003
16140.000	-0.001	16140.000	0.004	16140.000	0.016	16140.000	0.004	16140.000	0.003	16140.000	0.002	16140.000	-0.003
16200.000	0.000	16200.000	0.004	16200.000	0.016	16200.000	0.003	16200.000	0.003	16200.000	0.001	16200.000	-0.003
16260.000	-0.001	16260.000	0.004	16260.000	0.016	16260.000	0.004	16260.000	0.004	16260.000	0.001	16260.000	-0.003
16320.000	-0.001	16320.000	0.004	16320.000	0.016	16320.000	0.004	16320.000	0.004	16320.000	0.001	16320.000	-0.003
16380.000	0.000	16380.000	0.003	16380.000	0.016	16380.000	0.004	16380.000	0.003	16380.000	0.002	16380.000	-0.003
16440.000	0.000	16440.000	0.003	16440.000	0.016	16440.000	0.003	16440.000	0.003	16440.000	0.002	16440.000	-0.003
16500.000	-0.001	16500.000	0.003	16500.000	0.016	16500.000	0.004	16500.000	0.004	16500.000	0.002	16500.000	-0.003
16560.000	0.000	16560.000	0.004	16560.000	0.016	16560.000	0.004	16560.000	0.004	16560.000	0.002	16560.000	-0.003
16620.000	-0.001	16620.000	0.004	16620.000	0.016	16620.000	0.003	16620.000	0.003	16620.000	0.002	16620.000	-0.003
16680.000	0.000	16680.000	0.004	16680.000	0.016	16680.000	0.004	16680.000	0.003	16680.000	0.002	16680.000	-0.003
16740.000	-0.001	16740.000	0.004	16740.000	0.016	16740.000	0.004	16740.000	0.003	16740.000	0.001	16740.000	-0.003
16800.000	0.000	16800.000	0.003	16800.000	0.016	16800.000	0.004	16800.000	0.004	16800.000	0.001	16800.000	-0.003
16860.000	0.000	16860.000	0.004	16860.000	0.016	16860.000	0.003	16860.000	0.003	16860.000	0.001	16860.000	-0.003
16920.000	0.000	16920.000	0.003	16920.000	0.016	16920.000	0.004	16920.000	0.003	16920.000	0.002	16920.000	-0.003
16980.000	0.000	16980.000	0.004	16980.000	0.015	16980.000	0.004	16980.000	0.004	16980.000	0.002	16980.000	-0.003
17040.000	-0.001	17040.000	0.004	17040.000	0.016	17040.000	0.003	17040.000	0.004	17040.000	0.001	17040.000	-0.003
17100.000	0.000	17100.000	0.004	17100.000	0.016	17100.000	0.004	17100.000	0.003	17100.000	0.002	17100.000	-0.003
17160.000	0.000	17160.000	0.004	17160.000	0.015	17160.000	0.004	17160.000	0.004	17160.000	0.002	17160.000	-0.003
17220.000	0.000	17220.000	0.004	17220.000	0.016	17220.000	0.004	17220.000	0.004	17220.000	0.002	17220.000	-0.003
17280.000	0.000	17280.000	0.004	17280.000	0.015	17280.000	0.004	17280.000	0.004	17280.000	0.002	17280.000	-0.003
17340.000	0.000	17340.000	0.004	17340.000	0.016	17340.000	0.004	17340.000	0.004	17340.000	-0.001	17340.000	-0.002
17400.000	0.000	17400.000	0.003	17400.000	0.016	17400.000	0.004	17400.000	0.004	17400.000	0.001	17400.000	-0.003
17460.000	-0.001	17460.000	0.004	17460.000	0.015	17460.000	0.004	17460.000	0.004	17460.000	0.002	17460.000	-0.003
17520.000	0.000	17520.000	0.004	17520.000	0.016	17520.000	0.004	17520.000	0.004	17520.000	0.002	17520.000	-0.003
17580.000	-0.001	17580.000	0.003	17580.000	0.016	17580.000	0.004	17580.000	0.004	17580.000	0.002	17580.000	-0.003
17640.000	0.000	17640.000	0.003	17640.000	0.016	17640.000	0.004	17640.000	0.004	17640.000	0.001	17640.000	-0.003
17700.000	0.000	17700.000	0.004	17700.000	0.016	17700.000	0.004	17700.000	0.003	17700.000	0.002	17700.000	-0.003
17760.000	0.000	17760.000	0.004	17760.000	0.015	17760.000	0.004	17760.000	0.004	17760.000	0.002	17760.000	-0.003
17820.000	-0.001	17820.000	0.004	17820.000	0.016	17820.000	0.004	17820.000	0.004	17820.000	0.001	17820.000	-0.003
17880.000	-0.001	17880.000	0.004	17880.000	0.016	17880.000	0.004	17880.000	0.004	17880.000	0.002	17880.000	-0.003
17940.000	0.000	17940.000	0.003	17940.000	0.016	17940.000	0.004	17940.000	0.004	17940.000	-0.001	17940.000	-0.003
18000.000	0.000	18000.000	0.004	18000.000	0.016	18000.000	0.004	18000.000	0.004	18000.000	0.001	18000.000	-0.003
18060.000	0.000	18060.000	0.003	18060.000	0.016	18060.000	0.004	18060.000	0.004	18060.000	0.002	18060.000	-0.003
18120.000	-0.001	18120.000	0.004	18120.000	0.015	18120.000	0.004	18120.000	0.004	18120.000	0.002	18120.000	-0.003
18180.000	0.000	18180.000	0.003	18180.000	0.016	18180.000	0.004	18180.000	0.004	18180.000	0.002	18180.000	-0.002
18240.000	0.000	18240.000	0.003	18240.000	0.015	18240.000	0.004	18240.000	0.004	18240.000	0.002	18240.000	-0.002
18300.000	0.000	18300.000	0.004	18300.000	0.016	18300.000	0.004	18300.000	0.004	18300.000	0.002	18300.000	-0.002
18360.000	0.000	18360.000	0.004	18360.000	0.015	18360.000	0.004	18360.000	0.003	18360.000	0.002	18360.000	-0.002
18420.000	0.000	18420.000	0.003	18420.000	0.016	18420.000	0.004	18420.000	0.004	18420.000	0.002	18420.000	-0.003
18480.000	0.000	18480.000	0.003	18480.000	0.015	18480.000	0.004	18480.000	0.004	18480.000	0.002	18480.000	-0.002
18540.000	0.000	18540.000	0.004	18540.000	0.015	18540.000	0.004	18540.000	0.004	18540.000	0.002	18540.000	-0.002
18600.000	-0.001	18600.000	0.003	18600.000	0.015	18600.000	0.004	18600.000	0.004	18600.000	0.001	18600.000	-0.002
18660.000	-0.001	18660.000	0.004	18660.000	0.016	18660.000	0.004	18660.000	0.004	18660.000	0.001	18660.000	-0.002
18720.000	0.000	18720.000	0.003	18720.000	0.016	18720.000	0.004	18720.000	0.004	18720.000	0.002	18720.000	-0.002
18780.000	0.000	18780.000	0.003	18780.000	0.015	18780.000	0.004	18780.000	0.004	18780.000	0.002	18780.000	-0.002
18840.000	-0.001	18840.000	0.003	18840.000	0.015	18840.000	0.004	18840.000	0.004	18840.000	0.002	18840.000	-0.002
18900.000	-0.001	18900.000	0.004	18900.000	0.016	18900.000	0.004	18900.000	0.004	18900.000	0.002	18900.000	-0.002
18960.000	-0.001	18960.000	0.003	18960.000	0.016	18960.000	0.003	18960.000	0.004	18960.000	0.002	18960.000	-0.003
19020.000	0.000	19020.000	0.004	19020.000	0.015	19020.000	0.004	19020.000	0.004	19020.000	0.002	19020.000	-0.002
19080.000	-0.001	19080.000	0.003	19080.000	0.015	19080.000	0.004	19080.000	0.004	19080.000	0.002	19080.000	-0.003
19140.000	0.000	19140.000	0.003	19140.000	0.016	19140.000	0.004	19140.000	0.004	19140.000	0.002	19140.000	-0.003
19200.000	0.000	19200.000	0.003	19200.000	0.015	19200.000	0.004	19200.000	0.004	19200.000	0.002	19200.000	-0.002
19260.000	0.000	19260.000	0.003	19260.000	0.015	19260.000	0.004	19260.000	0.004	19260.000	0.002	19260.000	-0.002
19320.000	0.000	19320.000	0.003	19320.000	0.015	19320.000	0.004	19320.000	0.004	19320.000	0.002	19320.000	-0.003
19380.000	0.000	19380.000	0.003	19380.000	0.015	19380.000	0.003	19380.000	0.004	19380.000	0.002	19380.000	-0.002
19440.000	0.000	19440.000	0.003	19440.000	0.015	19440.000	0.004	19440.000	0.004	19440.000	0.001	19440.000	-0.002
19500.000	0.000	19500.000	0.004	19500.000	0.015	19500.000	0.004	19500.000	0.004	19500.000	0.002	19500.000	-0.003
19560.000	-0.001	19560.000	0.003	19560.000	0.015	19560.000	0.004	19560.000	0.004	19560.000	-0.001	19560.000	-0.002
19620.000	-0.001	19620.000	0.003	19620.000	0.015	19620.000	0.004	19620.000	0.004	19620.000	0.002	19620.000	-0.002
19680.000	0.000	19680.000	0.003	19680.000	0.015	19680.000	0.004	19680.000	0.004	19680.000	0.002	19680.000	-0.002
19740.000	0.000	19740.000	0.003	19740.000	0.015	19740.000	0.004	19740.000	0.004	19740.000	0.002	19740.000	-0.002
19800.000	0.000	19800.000	0.003	19800.000	0.015	19800.000	0.004	19800.000	0.004	19800.000	0.003	19800.000	-0.002
19860.000	0.000	19860.000	0.003	19860.000	0.015	19860.000	0.004	19860.000	0.004	19860.000	0.002	19860.000	-0.002
19920.000	-0.001	19920.000	0.003	19920.000	0.015	19920.000	0.004	19920.000	0.004	19920.000	0.002	19920.000	-0.002
19980.000	-0.001	19980.000	0.003	19980.000	0.015	19980.000	0.004	19980.000	0.004	19980.000	0.002	19980.000	-0.002
20040.000	0.000	20040.000	0.003	20040.000	0.015	20040.000	0.004	20040.000	0.004	20040.000	0.002	20040.000	-0.002
20100.000	-0.001	20100.000	0.003	20100.000	0.015	20100.000	0.004	20100.000	0.004	20100.000	0.001	20100.000	-0.002
20160.000	0.000	20160.000	0.003	20160.000	0.015	20160.000	0.004	20160.000	0.004	20160.000	0.003	20160.000	-0.002
20220.000	0.000	20220.000	0.003	20220.000	0.015	20220.000	0.004	20220.000	0.004	20220.000	0.003	20220.000	-0.002
20280.000	-0.001	20280.000	0.003	20280.000	0.015	20280.000	0.004	20280.000	0.004	20280.000	0.002	20280.000	-0.002
20340.000	0.000	20340.000	0.004	20340.000	0.015	20340.000	0.003	20340.000	0.004	20340.000	0.002	20340.000	-0.002
20400.000	0.000	20400.000	0.003	20400.000	0.015	20400.000	0.004	20400.000	0.004	20400.000	0.002	20400.000	-0.002
20460.000	-0.001	20460.000	0.003	20460.000	0.015	20460.000	0.004	20460.000	0.004	20460.000	0.002	20460.000	-0.002
20520.000	0.000	20520.000	0.004	20520.000	0.015	20520.000	0.004	20520.000	0.004	20520.000	0.002	20520.000	-0.002
20580.000	0.000	20580.000	0.003	20580.000	0.015	20580.000	0.004	20580.000	0.004	20580.000	0.002	20580.000	-0.002
20640.000	0.000	20640.000	0.003	20640.000	0.015	20640.000	0.004	20640.000	0.004	20640.000	0.003	20640.000	-0.002
20700.000	0.000	20700.000	0.003	20700.000	0.015	20700.000	0.004	20700.000	0.004	20700.000	0.002	20700.000	-0.002
20760.000	0.000	20760.000	0.003	20760.000	0.015	20760.000	0.004	20760.000	0.004	20760.000	0.002	20760.000	-0.002
20820.000	0.000	20820.000	0.003	20820.000	0.015	20820.000	0.004	20820.000	0.004	20820.000	0.003	20820.000	-0.002
20880.000	0.000	20880.000	0.003	20880.000	0.014	20880.000	0.004	20880.000	0.004	20880.000	0.002	20880.000	-0.002
20940.000	0.000	20940.000	0.003	20940.000	0.015	20940.000	0.004	20940.000	0.004	20940.000	0.002	20940.000	-0.002
21000.000	0.000	21000.000	0.003	21000.000	0.015	21000.000	0.004	21000.000	0.005	21000.000	0.002	21000.000	-0.002
21060.000	0.000	21060.000	0.003	21060.000	0.015	21060.000	0.004	21060.000	0.004	21060.000	0.002	21060.000	-0.002
21120.000	0.000	21120.000	0.003	21120.000	0.015	21120.000	0.004	21120.000	0.004	21120.000	0.002	21120.000	-0.002
21180.000	0.000	21180.000	0.003	21180.000	0.015	21180.000	0.004	21180.000	0.004	21180.000	0.002	21180.000	-0.002
21240.000	0.000	21240.000	0.003	21240.000	0.015	21240.000	0.003	21240.000	0.004	21240.000	0.002	21240.000	-0.002
21300.000	0.000	21300.000	0.003	21300.000	0.015	21300.000	0.004	21300.000	0.004	21300.000	0.003	21300.000	-0.002
21360.000	0.000	21360.000	0.003	21360.000	0.015	21360.000	0.004	21360.000	0.004	21360.000	0.002	21360.000	-0.002
21420.000	0.000	21420.000	0.003	21420.000	0.015	21420.000	0.004	21420.000	0.004	21420.000	0.003	21420.000	-0.002
21480.000	0.000	21480.000	0.003	21480.000	0.015	21480.000	0.004	21480.000	0.004	21480.000	0.003	21480.000	-0.002
21540.000	0.000	21540.000	0.003	21540.000	0.014	21540.000	0.003	21540.000	0.004	21540.000	0.003	21540.000	-0.002
21600.000	0.000	21600.000	0.003	21600.000	0.015	21600.000	0.004	21600.000	0.004	21600.000	0.002	21600.000	-0.002
21660.000	0.000	21660.000	0.003	21660.000	0.015	21660.000	0.004	21660.000	0.004	21660.000	0.002	21660.000	-0.002
21720.000	0.000	21720.000	0.003	21720.000	0.015	21720.000	0.004	21720.000	0.004	21720.000	0.002	21720.000	-0.002
21780.000	0.000	21780.000	0.003	21780.000	0.015	21780.000	0.004	21780.000	0.004	21780.000	0.003	21780.000	-0.002
21840.000	0.000	21840.000	0.003	21840.000	0.015	21840.000	0.004	21840.000	0.005	21840.000	0.002	21840.000	-0.002
21900.000	0.000	21900.000	0.003	21900.000	0.015	21900.000	0.004	21900.000	0.004	21900.000	0.002	21900.000	-0.002
21960.000	0.000	21960.000	0.003	21960.000	0.015	21960.000	0.004	21960.000	0.005	21960.000	0.002	21960.000	-0.002
22020.000	0.000	22020.000	0.003	22020.000	0.015	22020.000	0.004	22020.000	0.004	22020.000	0.000	22020.000	-0.002
22080.000	0.000	22080.000	0.003	22080.000	0.015	22080.000	0.004	22080.000	0.004	22080.000	0.001	22080.000	-0.002
22140.000	0.000	22140.000	0.003	22140.000	0.015	22140.000	0.004	22140.000	0.004	22140.000	0.000	22140.000	-0.002
22200.000	0.000	22200.000	0.003	22200.000	0.014	22200.000	0.004	22200.000	0.004	22200.000	0.003	22200.000	-0.002
22260.000	0.000	22260.000	0.003	22260.000	0.014	22260.000	0.004	22260.000	0.004	22260.000	0.003	22260.000	-0.002
22320.000	0.000	22320.000	0.003	22320.000	0.015	22320.000	0.004	22320.000	0.004	22320.000	0.003	22320.000	-0.002
22380.000	0.000	22380.000	0.003	22380.000	0.015	22380.000	0.004	22380.000	0.004	22380.000	0.002	22380.000	-0.002
22440.000	0.000	22440.000	0.003	22440.000	0.015	22440.000	0.004	22440.000	0.004	22440.000	0.003	22440.000	-0.002
22500.000	0.000	22500.000	0.003	22500.000	0.014	22500.000	0.004	22500.000	0.005	22500.000	0.003	22500.000	-0.002
22560.000	0.000	22560.000	0.003	22560.000	0.015	22560.000	0.004	22560.000	0.005	22560.000	0.001	22560.000	-0.002
22620.000	0.000	22620.000	0.003	22620.000	0.014	22620.000	0.004	22620.000	0.004	22620.000	0.003	22620.000	-0.002
22680.000	0.000	22680.000	0.003	22680.000	0.014	22680.000	0.004	22680.000	0.004	22680.000	0.003	22680.000	-0.002
22740.000	0.000	22740.000	0.003	22740.000	0.015	22740.000	0.004	22740.000	0.005	22740.000	0.003	22740.000	-0.002
22800.000	0.000	22800.000	0.003	22800.000	0.015	22800.000	0.004	22800.000	0.005	22800.000	0.003	22800.000	-0.002
22860.000	0.000	22860.000	0.003	22860.000	0.014	22860.000	0.004	22860.000	0.004	22860.000	0.003	22860.000	-0.002
22920.000	0.000	22920.000	0.003	22920.000	0.014	22920.000	0.004	22920.000	0.004	22920.000	0.002	22920.000	-0.002
22980.000	0.000	22980.000	0.003	22980.000	0.014	22980.000	0.004	22980.000	0.005	22980.000	0.003	22980.000	-0.002
23040.000	0.000	23040.000	0.003	23040.000	0.015	23040.000	0.004	23040.000	0.005	23040.000	0.003	23040.000	-0.002
23100.000	0.000	23100.000	0.003	23100.000	0.014	23100.000	0.004	23100.000	0.005	23100.000	0.003	23100.000	-0.002
23160.000	0.000	23160.000	0.003	23160.000	0.014	23160.000	0.004	23160.000	0.004	23160.000	0.003	23160.000	-0.002
23220.000	0.000	23220.000	0.003	23220.000	0.014	23220.000	0.004	23220.000	0.004	23220.000	0.003	23220.000	-0.002
23280.000	0.000	23280.000	0.003	23280.000	0.014	23280.000	0.004	23280.000	0.005	23280.000	0.003	23280.000	-0.002
23340.000	0.000	23340.000	0.003	23340.000	0.014	23340.000	0.004	23340.000	0.005	23340.000	0.003	23340.000	-0.002
23400.000	0.000	23400.000	0.003	23400.000	0.014	23400.000	0.004	23400.000	0.005	23400.000	0.003	23400.000	-0.002
23460.000	0.000	23460.000	0.003	23460.000	0.014	23460.000	0.004	23460.000	0.005	23460.000	0.003	23460.000	-0.002
23520.000	0.000	23520.000	0.003	23520.000	0.014	23520.000	0.004	23520.000	0.004	23520.000	0.003	23520.000	-0.001
23580.000	0.000	23580.000	0.003	23580.000	0.014	23580.000	0.003	23580.000	0.005	23580.000	0.003	23580.000	-0.001
23640.000	0.000	23640.000	0.003	23640.000	0.014	23640.000	0.004	23640.000	0.005	23640.000	0.001	23640.000	-0.002
23700.000	0.000	23700.000	0.003	23700.000	0.014	23700.000	0.004	23700.000	0.005	23700.000	0.003	23700.000	-0.001
23760.000	0.000	23760.000	0.003	23760.000	0.014	23760.000	0.004	23760.000	0.004	23760.000	0.003	23760.000	-0.002
23820.000	0.000	23820.000	0.003	23820.000	0.014	23820.000	0.004	23820.000	0.005	23820.000	0.003	23820.000	-0.002
23880.000	0.000	23880.000	0.003	23880.000	0.014	23880.000	0.004	23880.000	0.004	23880.000	0.003	23880.000	-0.001
23940.000	0.000	23940.000	0.003	23940.000	0.014	23940.000	0.004	23940.000	0.005	23940.000	0.003	23940.000	-0.002
24000.000	0.000	24000.000	0.003	24000.000	0.014	24000.000	0.004	24000.000	0.004	24000.000	0.003	24000.000	-0.002
24060.000	0.000	24060.000	0.003	24060.000	0.014	24060.000	0.004	24060.000	0.004	24060.000	0.003	24060.000	-0.002
24120.000	0.000	24120.000	0.003	24120.000	0.014	24120.000	0.004	24120.000	0.005	24120.000	0.003	24120.000	-0.001
24180.000	0.000	24180.000	0.003	24180.000	0.014	24180.000	0.004	24180.000	0.005	24180.000	0.003	24180.000	-0.002
24240.000	0.000	24240.000	0.003	24240.000	0.014	24240.000	0.004	24240.000	0.004	24240.000	0.003	24240.000	-0.002
24300.000	0.000	24300.000	0.003	24300.000	0.014	24300.000	0.004	24300.000	0.005	24300.000	0.003	24300.000	-0.002
24360.000	0.000	24360.000	0.003	24360.000	0.014	24360.000	0.004	24360.000	0.005	24360.000	0.003	24360.000	-0.002
24420.000	0.000	24420.000	0.003	24420.000	0.014	24420.000	0.004	24420.000	0.004	24420.000	0.003	24420.000	-0.001
24480.000	0.000	24480.000	0.003	24480.000	0.014	24480.000	0.004	24480.000	0.005	24480.000	0.003	24480.000	-0.002
24540.000	0.000	24540.000	0.003	24540.000	0.014	24540.000	0.004	24540.000	0.005	24540.000	0.003	24540.000	-0.002
24600.000	0.000	24600.000	0.003	24600.000	0.014	24600.000	0.004	24600.000	0.005	24600.000	0.003	24600.000	-0.002
24660.000	0.000	24660.000	0.003	24660.000	0.014	24660.000	0.004	24660.000	0.005	24660.000	0.003	24660.000	-0.002
24720.000	0.000	24720.000	0.003	24720.000	0.014	24720.000	0.004	24720.000	0.005	24720.000	0.003	24720.000	-0.001
24780.000	0.000	24780.000	0.003	24780.000	0.014	24780.000	0.004	24780.000	0.005	24780.000	0.003	24780.000	-0.001
24840.000	0.000	24840.000	0.003	24840.000	0.014	24840.000	0.004	24840.000	0.005	24840.000	0.003	24840.000	-0.001
24900.000	0.000	24900.000	0.003	24900.000	0.014	24900.000	0.004	24900.000	0.005	24900.000	0.003	24900.000	-0.001
24960.000	0.000	24960.000	0.003	24960.000	0.014	24960.000	0.004	24960.000	0.005	24960.000	0.003	24960.000	-0.001
25020.000	0.000	25020.000	0.003	25020.000	0.014	25020.000	0.004	25020.000	0.004	25020.000	0.003	25020.000	-0.002
25080.000	0.000	25080.000	0.003	25080.000	0.014	25080.000	0.004	25080.000	0.005	25080.000	0.003	25080.000	-0.001
25140.000	0.000	25140.000	0.003	25140.000	0.014	25140.000	0.004	25140.000	0.005	25140.000	0.003	25140.000	-0.001
25200.000	0.000	25200.000	0.003	25200.000	0.014	25200.000	0.004	25200.000	0.005	25200.000	0.003	25200.000	-0.002
25260.000	0.000	25260.000	0.003	25260.000	0.014	25260.000	0.004	25260.000	0.005	25260.000	0.003	25260.000	-0.002
25320.000	0.000	25320.000	0.003	25320.000	0.014	25320.000	0.004	25320.000	0.005	25320.000	0.000	25320.000	-0.001
25380.000	0.000	25380.000	0.003	25380.000	0.014	25380.000	0.004	25380.000	0.005	25380.000	0.000	25380.000	-0.001
25440.000	0.000	25440.000	0.003	25440.000	0.013	25440.000	0.004	25440.000	0.005	25440.000	0.003	25440.000	-0.001
25500.000	0.000	25500.000	0.003	25500.000	0.014	25500.000	0.004	25500.000	0.005	25500.000	0.002	25500.000	-0.001
25560.000	0.000	25560.000	0.003	25560.000	0.014	25560.000	0.004	25560.000	0.005	25560.000	0.003	25560.000	-0.001
25620.000	0.000	25620.000	0.003	25620.000	0.014	25620.000	0.004	25620.000	0.005	25620.000	0.002	25620.000	-0.001
25680.000	0.000	25680.000	0.003	25680.000	0.014	25680.000	0.004	25680.000	0.005	25680.000	0.002	25680.000	-0.002
25740.000	0.000	25740.000	0.003	25740.000	0.014	25740.000	0.004	25740.000	0.005	25740.000	0.004	25740.000	-0.001
25800.000	0.000	25800.000	0.003	25800.000	0.014	25800.000	0.004	25800.000	0.005	25800.000	0.003	25800.000	-0.001
25860.000	0.000	25860.000	0.003	25860.000	0.013	25860.000	0.004	25860.000	0.005	25860.000	0.003	25860.000	-0.001
25920.000	0.000	25920.000	0.003	25920.000	0.014	25920.000	0.004	25920.000	0.005	25920.000	0.003	25920.000	-0.001
25980.000	0.000	25980.000	0.003	25980.000	0.014	25980.000	0.004	25980.000	0.005	25980.000	0.003	25980.000	-0.001
26040.000	0.000	26040.000	0.003	26040.000	0.014	26040.000	0.004	26040.000	0.005	26040.000	0.003	26040.000	-0.001
26100.000	0.000	26100.000	0.003	26100.000	0.013	26100.000	0.004	26100.000	0.005	26100.000	0.003	26100.000	-0.001
26160.000	0.000	26160.000	0.003	26160.000	0.014	26160.000	0.004	26160.000	0.005	26160.000	0.003	26160.000	-0.001
26220.000	0.000	26220.000	0.003	26220.000	0.013	26220.000	0.004	26220.000	0.005	26220.000	0.003	26220.000	-0.001
26280.000	0.000	26280.000	0.003	26280.000	0.013	26280.000	0.004	26280.000	0.005	26280.000	0.003	26280.000	-0.001
26340.000	0.000	26340.000	0.003	26340.000	0.014	26340.000	0.004	26340.000	0.005	26340.000	0.003	26340.000	-0.001
26400.000	0.000	26400.000	0.003	26400.000	0.014	26400.000	0.004	26400.000	0.005	26400.000	0.003	26400.000	-0.001
26460.000	0.000	26460.000	0.003	26460.000	0.013	26460.000	0.004	26460.000	0.005	26460.000	0.003	26460.000	-0.001
26520.000	0.000	26520.000	0.003	26520.000	0.013	26520.000	0.004	26520.000	0.005	26520.000	0.003	26520.000	-0.001
26580.000	0.000	26580.000	0.003	26580.000	0.013	26580.000	0.004	26580.000	0.005	26580.000	0.003	26580.000	-0.001
26640.000	0.000	26640.000	0.003	26640.000	0.013	26640.000	0.004	26640.000	0.005	26640.000	0.003	26640.000	-0.001
26700.000	0.000	26700.000	0.003	26700.000	0.013	26700.000	0.004	26700.000	0.005	26700.000	0.002	26700.000	-0.001
26760.000	0.000	26760.000	0.003	26760.000	0.013	26760.000	0.004	26760.000	0.005	26760.000	0.001	26760.000	-0.001
26820.000	0.000	26820.000	0.003	26820.000	0.013	26820.000	0.004	26820.000	0.005	26820.000	0.003	26820.000	-0.001
26880.000	0.000	26880.000	0.003	26880.000	0.013	26880.000	0.004	26880.000	0.005	26880.000	0.003	26880.000	-0.001
26940.000	0.000	26940.000	0.003	26940.000	0.013	26940.000	0.004	26940.000	0.005	26940.000	0.004	26940.000	-0.001
27000.000	0.000	27000.000	0.003	27000.000	0.013	27000.000	0.004	27000.000	0.005	27000.000	0.003	27000.000	-0.001
27060.000	0.000	27060.000	0.003	27060.000	0.013	27060.000	0.004	27060.000	0.005	27060.000	0.001	27060.000	-0.001
27120.000	0.000	27120.000	0.003	27120.000	0.013	27120.000	0.004	27120.000	0.005	27120.000	0.002	27120.000	-0.001
27180.000	0.000	27180.000	0.003	27180.000	0.013	27180.000	0.004	27180.000	0.005	27180.000	0.003	27180.000	-0.001
27240.000	0.000	27240.000	0.003	27240.000	0.013	27240.000	0.004	27240.000	0.005	27240.000	0.000	27240.000	-0.001
27300.000	0.000	27300.000	0.003	27300.000	0.013	27300.000	0.004	27300.000	0.005	27300.000	0.003	27300.000	-0.001
27360.000	0.000	27360.000	0.003	27360.000	0.013	27360.000	0.004	27360.000	0.005	27360.000	0.003	27360.000	-0.001
27420.000	0.000	27420.000	0.003	27420.000	0.013	27420.000	0.004	27420.000	0.005	27420.000	0.003	27420.000	-0.001
27480.000	0.000	27480.000	0.003	27480.000	0.013	27480.000	0.004	27480.000	0.005	27480.000	0.003	27480.000	-0.001
27540.000	0.000	27540.000	0.002	27540.000	0.013	27540.000	0.004	27540.000	0.005	27540.000	0.003	27540.000	-0.001
27600.000	0.000	27600.000	0.003	27600.000	0.013	27600.000	0.004	27600.000	0.005	27600.000	0.004	27600.000	-0.001
27660.000	0.000	27660.000	0.003	27660.000	0.013	27660.000	0.004	27660.000	0.005	27660.000	0.003	27660.000	-0.001
27720.000	0.000	27720.000	0.002	27720.000	0.013	27720.000	0.004	27720.000	0.005	27720.000	0.003	27720.000	-0.001
27780.000	0.000	27780.000	0.003	27780.000	0.013	27780.000	0.004	27780.000	0.005	27780.000	0.004	27780.000	-0.001
27840.000	0.000	27840.000	0.003	27840.000	0.013	27840.000	0.004	27840.000	0.005	27840.000	0.003	27840.000	-0.001
27900.000	0.000	27900.000	0.003	27900.000	0.013	27900.000	0.004	27900.000	0.005	27900.000	0.004	27900.000	-0.001
27960.000	0.001	27960.000	0.003	27960.000	0.013	27960.000	0.004	27960.000	0.005	27960.000	0.004	27960.000	-0.001
28020.000	0.000	28020.000	0.003	28020.000	0.013	28020.000	0.004	28020.000	0.005	28020.000	0.003	28020.000	-0.001
28080.000	0.000	28080.000	0.003	28080.000	0.013	28080.000	0.004	28080.000	0.005	28080.000	0.003	28080.000	-0.001
28140.000	0.000	28140.000	0.003	28140.000	0.013	28140.000	0.004	28140.000	0.005	28140.000	0.004	28140.000	-0.001
28200.000	0.000	28200.000	0.003	28200.000	0.013	28200.000	0.004	28200.000	0.005	28200.000	0.004	28200.000	-0.001
28260.000	0.000	28260.000	0.003	28260.000	0.013	28260.000	0.004	28260.000	0.005	28260.000	0.004	28260.000	-0.001
28320.000	0.000	28320.000	0.002	28320.000	0.013	28320.000	0.004	28320.000	0.005	28320.000	0.003	28320.000	-0.001
28380.000	0.000	28380.000	0.003	28380.000	0.013	28380.000	0.004	28380.000	0.005	28380.000	0.002	28380.000	-0.001
28440.000	0.000	28440.000	0.002	28440.000	0.013	28440.000	0.004	28440.000	0.005	28440.000	0.001	28440.000	-0.001
28500.000	0.000	28500.000	0.003	28500.000	0.013	28500.000	0.004	28500.000	0.005	28500.000	0.004	28500.000	-0.001
28560.000	0.000	28560.000	0.002	28560.000	0.013	28560.000	0.004	28560.000	0.005	28560.000	0.002	28560.000	-0.001
28620.000	0.000	28620.000	0.002	28620.000	0.013	28620.000	0.004	28620.000	0.005	28620.000	0.001	28620.000	-0.001
28680.000	0.000	28680.000	0.003	28680.000	0.013	28680.000	0.004	28680.000	0.005	28680.000	0.004	28680.000	-0.001
28740.000	0.000	28740.000	0.003	28740.000	0.013	28740.000	0.004	28740.000	0.005	28740.000	0.003	28740.000	-0.001
28800.000	0.000	28800.000	0.003	28800.000	0.013	28800.000	0.004	28800.000	0.005	28800.000	0.004	28800.000	-0.001
													
													
													
