Batch	rate137.rre												
Evolution 600	161008												
Sample	Sample001	Sample	Sample002	Sample	Sample003	Sample	Sample004	Sample	Sample005	Sample	Sample006	Sample	Sample007
Data Mode	A	Data Mode	A	Data Mode	A	Data Mode	A	Data Mode	A	Data Mode	A	Data Mode	A
Smoothing	None	Smoothing	None	Smoothing	None	Smoothing	None	Smoothing	None	Smoothing	None	Smoothing	None
Date Collected	9/3/2010	Date Collected	9/3/2010	Date Collected	9/3/2010	Date Collected	9/3/2010	Date Collected	9/3/2010	Date Collected	9/3/2010	Date Collected	9/3/2010
Time Collected	2:38:17PM	Time Collected	12:48:17PM	Time Collected	12:48:25PM	Time Collected	12:48:32PM	Time Collected	12:48:39PM	Time Collected	12:48:47PM	Time Collected	12:48:54PM
ss.sss	Value	ss.sss	Value	ss.sss	Value	ss.sss	Value	ss.sss	Value	ss.sss	Value	ss.sss	Value
0.000	0.000	0.000	-0.003	0.000	-0.007	0.000	-0.009	0.000	-0.007	0.000	-0.007	0.000	-0.012
60.000	0.001	60.000	-0.003	60.000	-0.007	60.000	-0.009	60.000	-0.007	60.000	-0.007	60.000	-0.012
120.000	0.001	120.000	-0.003	120.000	-0.008	120.000	-0.009	120.000	-0.007	120.000	-0.006	120.000	-0.012
180.000	0.001	180.000	-0.003	180.000	-0.008	180.000	-0.009	180.000	-0.007	180.000	-0.005	180.000	-0.012
240.000	0.001	240.000	-0.003	240.000	-0.007	240.000	-0.009	240.000	-0.007	240.000	-0.005	240.000	-0.012
300.000	0.001	300.000	-0.003	300.000	-0.007	300.000	-0.008	300.000	-0.007	300.000	-0.004	300.000	-0.012
360.000	0.001	360.000	-0.003	360.000	-0.007	360.000	-0.008	360.000	-0.007	360.000	-0.004	360.000	-0.012
420.000	0.001	420.000	-0.003	420.000	-0.007	420.000	-0.008	420.000	-0.006	420.000	-0.003	420.000	-0.012
480.000	0.002	480.000	-0.002	480.000	-0.007	480.000	-0.008	480.000	-0.006	480.000	-0.003	480.000	-0.011
540.000	0.002	540.000	-0.003	540.000	-0.007	540.000	-0.008	540.000	-0.007	540.000	-0.003	540.000	-0.012
600.000	0.002	600.000	-0.002	600.000	-0.007	600.000	-0.008	600.000	-0.007	600.000	-0.002	600.000	-0.011
660.000	0.003	660.000	-0.002	660.000	-0.007	660.000	-0.008	660.000	-0.006	660.000	-0.002	660.000	-0.011
720.000	0.002	720.000	-0.002	720.000	-0.007	720.000	-0.008	720.000	-0.006	720.000	-0.002	720.000	-0.012
780.000	0.002	780.000	-0.002	780.000	-0.006	780.000	-0.007	780.000	-0.006	780.000	-0.002	780.000	-0.011
840.000	0.003	840.000	-0.002	840.000	-0.007	840.000	-0.007	840.000	-0.006	840.000	-0.001	840.000	-0.011
900.000	0.003	900.000	-0.002	900.000	-0.006	900.000	-0.008	900.000	-0.006	900.000	-0.001	900.000	-0.011
960.000	0.003	960.000	-0.002	960.000	-0.006	960.000	-0.007	960.000	-0.006	960.000	-0.001	960.000	-0.011
1020.000	0.003	1020.000	-0.002	1020.000	-0.006	1020.000	-0.008	1020.000	-0.005	1020.000	-0.001	1020.000	-0.011
1080.000	0.003	1080.000	-0.002	1080.000	-0.006	1080.000	-0.007	1080.000	-0.005	1080.000	-0.001	1080.000	-0.011
1140.000	0.004	1140.000	-0.001	1140.000	-0.006	1140.000	-0.007	1140.000	-0.005	1140.000	0.000	1140.000	-0.011
1200.000	0.004	1200.000	-0.001	1200.000	-0.006	1200.000	-0.008	1200.000	-0.005	1200.000	0.000	1200.000	-0.011
1260.000	0.004	1260.000	-0.001	1260.000	-0.006	1260.000	-0.007	1260.000	-0.005	1260.000	0.000	1260.000	-0.011
1320.000	0.004	1320.000	-0.001	1320.000	-0.006	1320.000	-0.007	1320.000	-0.005	1320.000	0.000	1320.000	-0.011
1380.000	0.005	1380.000	-0.001	1380.000	-0.006	1380.000	-0.007	1380.000	-0.005	1380.000	0.000	1380.000	-0.011
1440.000	0.005	1440.000	-0.001	1440.000	-0.006	1440.000	-0.007	1440.000	-0.005	1440.000	0.000	1440.000	-0.011
1500.000	0.005	1500.000	-0.001	1500.000	-0.006	1500.000	-0.007	1500.000	-0.004	1500.000	0.000	1500.000	-0.011
1560.000	0.005	1560.000	-0.001	1560.000	-0.006	1560.000	-0.007	1560.000	-0.005	1560.000	0.000	1560.000	-0.010
1620.000	0.005	1620.000	-0.001	1620.000	-0.005	1620.000	-0.007	1620.000	-0.004	1620.000	0.000	1620.000	-0.010
1680.000	0.005	1680.000	-0.001	1680.000	-0.005	1680.000	-0.007	1680.000	-0.004	1680.000	0.001	1680.000	-0.010
1740.000	0.006	1740.000	0.000	1740.000	-0.005	1740.000	-0.007	1740.000	-0.004	1740.000	0.001	1740.000	-0.010
1800.000	0.006	1800.000	0.000	1800.000	-0.005	1800.000	-0.007	1800.000	-0.004	1800.000	0.001	1800.000	-0.010
1860.000	0.006	1860.000	0.000	1860.000	-0.005	1860.000	-0.007	1860.000	-0.004	1860.000	0.001	1860.000	-0.010
1920.000	0.006	1920.000	0.000	1920.000	-0.005	1920.000	-0.007	1920.000	-0.004	1920.000	0.001	1920.000	-0.010
1980.000	0.007	1980.000	0.000	1980.000	-0.005	1980.000	-0.007	1980.000	-0.003	1980.000	0.001	1980.000	-0.010
2040.000	0.007	2040.000	0.000	2040.000	-0.005	2040.000	-0.007	2040.000	-0.003	2040.000	0.001	2040.000	-0.010
2100.000	0.007	2100.000	0.001	2100.000	-0.005	2100.000	-0.007	2100.000	-0.003	2100.000	0.001	2100.000	-0.010
2160.000	0.007	2160.000	0.001	2160.000	-0.005	2160.000	-0.007	2160.000	-0.003	2160.000	0.001	2160.000	-0.010
2220.000	0.007	2220.000	0.001	2220.000	-0.005	2220.000	-0.007	2220.000	-0.003	2220.000	0.001	2220.000	-0.010
2280.000	0.007	2280.000	0.001	2280.000	-0.005	2280.000	-0.007	2280.000	-0.003	2280.000	0.001	2280.000	-0.010
2340.000	0.007	2340.000	0.001	2340.000	-0.004	2340.000	-0.007	2340.000	-0.002	2340.000	0.001	2340.000	-0.010
2400.000	0.008	2400.000	0.001	2400.000	-0.005	2400.000	-0.007	2400.000	-0.003	2400.000	0.001	2400.000	-0.010
2460.000	0.008	2460.000	0.001	2460.000	-0.005	2460.000	-0.007	2460.000	-0.002	2460.000	0.001	2460.000	-0.010
2520.000	0.008	2520.000	0.001	2520.000	-0.004	2520.000	-0.007	2520.000	-0.002	2520.000	0.001	2520.000	-0.010
2580.000	0.008	2580.000	0.001	2580.000	-0.004	2580.000	-0.007	2580.000	-0.002	2580.000	0.001	2580.000	-0.010
2640.000	0.008	2640.000	0.001	2640.000	-0.004	2640.000	-0.007	2640.000	-0.002	2640.000	0.002	2640.000	-0.010
2700.000	0.009	2700.000	0.001	2700.000	-0.004	2700.000	-0.006	2700.000	-0.002	2700.000	0.002	2700.000	-0.010
2760.000	0.009	2760.000	0.002	2760.000	-0.004	2760.000	-0.006	2760.000	-0.002	2760.000	0.002	2760.000	-0.010
2820.000	0.009	2820.000	0.002	2820.000	-0.004	2820.000	-0.006	2820.000	-0.002	2820.000	0.002	2820.000	-0.010
2880.000	0.010	2880.000	0.002	2880.000	-0.004	2880.000	-0.006	2880.000	-0.002	2880.000	0.002	2880.000	-0.010
2940.000	0.010	2940.000	0.002	2940.000	-0.004	2940.000	-0.006	2940.000	-0.001	2940.000	0.002	2940.000	-0.010
3000.000	0.010	3000.000	0.002	3000.000	-0.004	3000.000	-0.007	3000.000	-0.001	3000.000	0.002	3000.000	-0.010
3060.000	0.010	3060.000	0.002	3060.000	-0.004	3060.000	-0.006	3060.000	-0.001	3060.000	0.002	3060.000	-0.009
3120.000	0.010	3120.000	0.002	3120.000	-0.003	3120.000	-0.007	3120.000	-0.001	3120.000	0.002	3120.000	-0.010
3180.000	0.010	3180.000	0.003	3180.000	-0.004	3180.000	-0.006	3180.000	-0.001	3180.000	0.002	3180.000	-0.010
3240.000	0.010	3240.000	0.003	3240.000	-0.003	3240.000	-0.006	3240.000	0.000	3240.000	0.002	3240.000	-0.010
3300.000	0.010	3300.000	0.003	3300.000	-0.003	3300.000	-0.006	3300.000	0.000	3300.000	0.002	3300.000	-0.010
3360.000	0.011	3360.000	0.003	3360.000	-0.003	3360.000	-0.006	3360.000	-0.001	3360.000	0.002	3360.000	-0.009
3420.000	0.011	3420.000	0.003	3420.000	-0.003	3420.000	-0.006	3420.000	0.000	3420.000	0.002	3420.000	-0.009
3480.000	0.011	3480.000	0.003	3480.000	-0.003	3480.000	-0.006	3480.000	0.000	3480.000	0.002	3480.000	-0.010
3540.000	0.011	3540.000	0.003	3540.000	-0.003	3540.000	-0.006	3540.000	0.000	3540.000	0.002	3540.000	-0.010
3600.000	0.011	3600.000	0.003	3600.000	-0.003	3600.000	-0.006	3600.000	0.000	3600.000	0.002	3600.000	-0.009
3660.000	0.011	3660.000	0.003	3660.000	-0.003	3660.000	-0.006	3660.000	0.001	3660.000	0.002	3660.000	-0.010
3720.000	0.012	3720.000	0.004	3720.000	-0.003	3720.000	-0.006	3720.000	0.000	3720.000	0.002	3720.000	-0.009
3780.000	0.012	3780.000	0.004	3780.000	-0.002	3780.000	-0.006	3780.000	0.001	3780.000	0.002	3780.000	-0.010
3840.000	0.012	3840.000	0.004	3840.000	-0.002	3840.000	-0.006	3840.000	0.000	3840.000	0.002	3840.000	-0.009
3900.000	0.012	3900.000	0.004	3900.000	-0.003	3900.000	-0.006	3900.000	0.001	3900.000	0.002	3900.000	-0.009
3960.000	0.012	3960.000	0.004	3960.000	-0.002	3960.000	-0.006	3960.000	0.001	3960.000	0.002	3960.000	-0.009
4020.000	0.012	4020.000	0.004	4020.000	-0.002	4020.000	-0.006	4020.000	0.001	4020.000	0.002	4020.000	-0.009
4080.000	0.012	4080.000	0.004	4080.000	-0.002	4080.000	-0.006	4080.000	0.001	4080.000	0.002	4080.000	-0.009
4140.000	0.013	4140.000	0.005	4140.000	-0.002	4140.000	-0.006	4140.000	0.001	4140.000	0.002	4140.000	-0.009
4200.000	0.013	4200.000	0.005	4200.000	-0.002	4200.000	-0.006	4200.000	0.001	4200.000	0.002	4200.000	-0.009
4260.000	0.013	4260.000	0.005	4260.000	-0.001	4260.000	-0.006	4260.000	0.001	4260.000	0.002	4260.000	-0.009
4320.000	0.013	4320.000	0.005	4320.000	-0.002	4320.000	-0.006	4320.000	0.002	4320.000	0.002	4320.000	-0.009
4380.000	0.014	4380.000	0.005	4380.000	-0.001	4380.000	-0.006	4380.000	0.002	4380.000	0.002	4380.000	-0.009
4440.000	0.014	4440.000	0.005	4440.000	-0.001	4440.000	-0.006	4440.000	0.002	4440.000	0.002	4440.000	-0.009
4500.000	0.014	4500.000	0.006	4500.000	-0.001	4500.000	-0.006	4500.000	0.002	4500.000	0.002	4500.000	-0.009
4560.000	0.014	4560.000	0.006	4560.000	-0.001	4560.000	-0.006	4560.000	0.002	4560.000	0.002	4560.000	-0.009
4620.000	0.014	4620.000	0.006	4620.000	-0.001	4620.000	-0.006	4620.000	0.002	4620.000	0.002	4620.000	-0.009
4680.000	0.015	4680.000	0.006	4680.000	-0.001	4680.000	-0.006	4680.000	0.002	4680.000	0.002	4680.000	-0.009
4740.000	0.015	4740.000	0.006	4740.000	-0.001	4740.000	-0.006	4740.000	0.002	4740.000	0.002	4740.000	-0.009
4800.000	0.015	4800.000	0.006	4800.000	0.000	4800.000	-0.006	4800.000	0.002	4800.000	0.002	4800.000	-0.009
4860.000	0.015	4860.000	0.007	4860.000	0.000	4860.000	-0.006	4860.000	0.003	4860.000	0.002	4860.000	-0.009
4920.000	0.015	4920.000	0.006	4920.000	0.000	4920.000	-0.006	4920.000	0.003	4920.000	0.002	4920.000	-0.009
4980.000	0.015	4980.000	0.007	4980.000	0.000	4980.000	-0.006	4980.000	0.003	4980.000	0.002	4980.000	-0.009
5040.000	0.015	5040.000	0.007	5040.000	0.000	5040.000	-0.006	5040.000	0.003	5040.000	0.002	5040.000	-0.009
5100.000	0.015	5100.000	0.007	5100.000	0.000	5100.000	-0.006	5100.000	0.003	5100.000	0.002	5100.000	-0.009
5160.000	0.016	5160.000	0.007	5160.000	0.000	5160.000	-0.006	5160.000	0.003	5160.000	0.002	5160.000	-0.009
5220.000	0.016	5220.000	0.007	5220.000	0.000	5220.000	-0.006	5220.000	0.003	5220.000	0.002	5220.000	-0.009
5280.000	0.016	5280.000	0.008	5280.000	0.000	5280.000	-0.006	5280.000	0.003	5280.000	0.002	5280.000	-0.009
5340.000	0.016	5340.000	0.007	5340.000	0.000	5340.000	-0.006	5340.000	0.003	5340.000	0.003	5340.000	-0.009
5400.000	0.016	5400.000	0.008	5400.000	0.000	5400.000	-0.006	5400.000	0.004	5400.000	0.002	5400.000	-0.009
5460.000	0.017	5460.000	0.008	5460.000	0.001	5460.000	-0.006	5460.000	0.004	5460.000	0.002	5460.000	-0.008
5520.000	0.017	5520.000	0.008	5520.000	0.001	5520.000	-0.006	5520.000	0.004	5520.000	0.002	5520.000	-0.009
5580.000	0.017	5580.000	0.008	5580.000	0.001	5580.000	-0.006	5580.000	0.005	5580.000	0.002	5580.000	-0.008
5640.000	0.017	5640.000	0.008	5640.000	0.001	5640.000	-0.005	5640.000	0.004	5640.000	0.002	5640.000	-0.008
5700.000	0.018	5700.000	0.008	5700.000	0.001	5700.000	-0.006	5700.000	0.004	5700.000	0.002	5700.000	-0.009
5760.000	0.017	5760.000	0.009	5760.000	0.001	5760.000	-0.005	5760.000	0.004	5760.000	0.002	5760.000	-0.009
5820.000	0.018	5820.000	0.009	5820.000	0.001	5820.000	-0.006	5820.000	0.005	5820.000	0.002	5820.000	-0.009
5880.000	0.018	5880.000	0.008	5880.000	0.001	5880.000	-0.005	5880.000	0.005	5880.000	0.002	5880.000	-0.009
5940.000	0.018	5940.000	0.009	5940.000	0.002	5940.000	-0.005	5940.000	0.005	5940.000	0.002	5940.000	-0.008
6000.000	0.018	6000.000	0.009	6000.000	0.002	6000.000	-0.005	6000.000	0.005	6000.000	0.002	6000.000	-0.008
6060.000	0.019	6060.000	0.009	6060.000	0.002	6060.000	-0.005	6060.000	0.005	6060.000	0.003	6060.000	-0.008
6120.000	0.018	6120.000	0.010	6120.000	0.002	6120.000	-0.006	6120.000	0.005	6120.000	0.002	6120.000	-0.008
6180.000	0.019	6180.000	0.010	6180.000	0.002	6180.000	-0.005	6180.000	0.006	6180.000	0.003	6180.000	-0.008
6240.000	0.019	6240.000	0.010	6240.000	0.002	6240.000	-0.006	6240.000	0.005	6240.000	0.003	6240.000	-0.008
6300.000	0.019	6300.000	0.010	6300.000	0.002	6300.000	-0.005	6300.000	0.005	6300.000	0.002	6300.000	-0.008
6360.000	0.019	6360.000	0.010	6360.000	0.002	6360.000	-0.005	6360.000	0.006	6360.000	0.003	6360.000	-0.008
6420.000	0.019	6420.000	0.010	6420.000	0.003	6420.000	-0.005	6420.000	0.006	6420.000	0.002	6420.000	-0.008
6480.000	0.020	6480.000	0.010	6480.000	0.003	6480.000	-0.005	6480.000	0.006	6480.000	0.003	6480.000	-0.008
6540.000	0.020	6540.000	0.011	6540.000	0.002	6540.000	-0.005	6540.000	0.006	6540.000	0.002	6540.000	-0.008
6600.000	0.020												
													
													
													
