   86
          1          1          1
          1          2          2
          2          3          4
          1          5          5
          1          6          6
          1          7          7
          2          8          9
          1         10         10
          1         11         11
          2         12         13
          1         14         14
          1         15         15
          1         16         16
          1         17         17
          2         18         19
          1         20         20
          1         21         21
          1         22         22
          1         23         23
          1         24         24
          1         25         25
          1         26         26
          1         27         27
          1         28         28
          1         29         29
          1         30         30
          1         31         31
          2         32         33
          1         34         34
          1         35         35
          1         36         36
          1         37         37
          1         38         38
          1         39         39
          1         40         40
          1         41         41
          1         42         42
          1         43         43
          1         44         44
          1         45         45
          2         46         47
          1         48         48
          1         49         49
          1         50         50
          1         51         51
          1         52         52
          1         53         53
          1         54         54
          1         55         55
          2         56         57
          1         58         58
          4         59         62
          1         63         63
          1         64         64
          1         65         65
          1         66         66
          1         67         67
          5         68         72
          1         73         73
          2         74         75
          2         76         77
          1         78         78
          1         79         79
          1         80         80
          2         81         82
          1         83         83
          1         84         84
          1         85         85
          1         86         86
          1         87         87
          1         88         88
          1         89         89
          1         90         90
          1         91         91
          2         92         93
          1         94         94
          1         95         95
          1         96         96
          1         97         97
          1         98         98
          1         99         99
          1        100        100
          1        101        101
          1        102        102
          1        103        103
          3        104        106
