Batch	rate078.rre						
Evolution 600	161008						
Sample	Sample001	Sample	Sample002	Sample	Sample003	Sample	Sample004
Data Mode	A	Data Mode	A	Data Mode	A	Data Mode	A
Smoothing	None	Smoothing	None	Smoothing	None	Smoothing	None
Date Collected	6/10/2010	Date Collected	6/10/2010	Date Collected	6/10/2010	Date Collected	6/10/2010
Time Collected	3:57:02PM	Time Collected	3:57:09PM	Time Collected	3:57:17PM	Time Collected	3:57:24PM
							
Substrate Conc.	6.3251 mmol/L	Substrate Conc.	3.1626 mmol/L	Substrate Conc.	1.2650 mmol/L	Substrate Conc.	0.3163 mmol/L
ss.sss	Value	ss.sss	Value	ss.sss	Value	ss.sss	Value
0.000	0.000	0.000	0.013	0.000	0.008	0.000	0.002
31.000	0.001	31.000	0.012	31.000	0.008	31.000	0.001
62.000	0.001	62.000	0.012	62.000	0.007	62.000	-0.001
93.000	0.002	93.000	0.011	93.000	0.007	93.000	-0.002
124.000	0.002	124.000	0.012	124.000	0.007	124.000	-0.002
155.000	0.001	155.000	0.011	155.000	0.006	155.000	-0.002
186.000	0.001	186.000	0.011	186.000	0.007	186.000	-0.003
217.000	0.000	217.000	0.011	217.000	0.006	217.000	-0.005
248.000	0.000	248.000	0.012	248.000	0.006	248.000	-0.004
279.000	0.000	279.000	0.012	279.000	0.006	279.000	-0.005
310.000	0.000	310.000	0.012	310.000	0.006	310.000	-0.007
341.000	0.000	341.000	0.010	341.000	0.007	341.000	-0.007
372.000	0.000	372.000	0.010	372.000	0.007	372.000	-0.007
403.000	0.000	403.000	0.011	403.000	0.005	403.000	-0.010
434.000	-0.001	434.000	0.011	434.000	0.006	434.000	-0.010
465.000	-0.001	465.000	0.009	465.000	0.005	465.000	-0.008
496.000	0.000	496.000	0.009	496.000	0.006	496.000	-0.009
527.000	0.000	527.000	0.010	527.000	0.006	527.000	-0.011
558.000	0.000	558.000	0.010	558.000	0.007	558.000	-0.010
589.000	-0.001	589.000	0.008	589.000	0.008	589.000	-0.012
620.000	0.000	620.000	0.008	620.000	0.002	620.000	-0.012
651.000	0.000	651.000	0.008	651.000	0.002	651.000	-0.015
682.000	0.001	682.000	0.006	682.000	0.002	682.000	-0.017
713.000	0.001	713.000	0.006	713.000	0.003	713.000	-0.020
744.000	-0.005	744.000	0.007	744.000	0.003	744.000	-0.016
775.000	-0.004	775.000	0.004	775.000	0.000	775.000	-0.018
806.000	-0.004	806.000	0.004	806.000	-0.001	806.000	-0.018
837.000	-0.004	837.000	0.003	837.000	0.001	837.000	-0.012
868.000	-0.004	868.000	0.004	868.000	0.001	868.000	-0.012
899.000	-0.003	899.000	0.003	899.000	-0.002	899.000	-0.016
930.000	-0.003	930.000	0.001	930.000	-0.001	930.000	-0.016
961.000	-0.002	961.000	0.000	961.000	-0.001	961.000	-0.016
992.000	-0.001	992.000	0.000	992.000	-0.001	992.000	-0.014
1023.000	-0.007	1023.000	-0.001	1023.000	0.000	1023.000	-0.014
1054.000	-0.007	1054.000	-0.001	1054.000	0.001	1054.000	-0.015
1085.000	-0.006	1085.000	0.001	1085.000	-0.004	1085.000	-0.017
1116.000	-0.006	1116.000	-0.002	1116.000	-0.004	1116.000	-0.018
1147.000	-0.006	1147.000	-0.001	1147.000	-0.003	1147.000	-0.018
1178.000	-0.006	1178.000	-0.002	1178.000	-0.003	1178.000	-0.022
1209.000	-0.005	1209.000	-0.004	1209.000	-0.002	1209.000	-0.019
1240.000	-0.005	1240.000	-0.003	1240.000	-0.006	1240.000	-0.021
1271.000	-0.004	1271.000	-0.002	1271.000	-0.006	1271.000	-0.024
1302.000	-0.010	1302.000	-0.002	1302.000	-0.005	1302.000	-0.023
1333.000	-0.010	1333.000	-0.005	1333.000	-0.004	1333.000	-0.026
1364.000	-0.009	1364.000	-0.004	1364.000	-0.004	1364.000	-0.026
1395.000	-0.009	1395.000	-0.005	1395.000	-0.008	1395.000	-0.026
1426.000	-0.009	1426.000	-0.004	1426.000	-0.008	1426.000	-0.024
1457.000	-0.008	1457.000	-0.002	1457.000	-0.007	1457.000	-0.027
1488.000	-0.007	1488.000	-0.007	1488.000	-0.009	1488.000	-0.024
1519.000	-0.007	1519.000	-0.006	1519.000	-0.009	1519.000	-0.027
1550.000	-0.006	1550.000	-0.007	1550.000	-0.008	1550.000	-0.028
1581.000	-0.012	1581.000	-0.008	1581.000	-0.008	1581.000	-0.028
1612.000	-0.012	1612.000	-0.008	1612.000	-0.007	1612.000	-0.028
1643.000	-0.011	1643.000	-0.007	1643.000	-0.011	1643.000	-0.030
1674.000	-0.010	1674.000	-0.009	1674.000	-0.010	1674.000	-0.026
1705.000	-0.010	1705.000	-0.009	1705.000	-0.010	1705.000	-0.027
1736.000	-0.009	1736.000	-0.009	1736.000	-0.010	1736.000	-0.028
1767.000	-0.009	1767.000	-0.009	1767.000	-0.008	1767.000	-0.031
1798.000	-0.008	1798.000	-0.011	1798.000	-0.007	1798.000	-0.031
1829.000	-0.014	1829.000	-0.011	1829.000	-0.013	1829.000	-0.034
1860.000	-0.013	1860.000	-0.010	1860.000	-0.013	1860.000	-0.034
1891.000	-0.013	1891.000	-0.012	1891.000	-0.012	1891.000	-0.036
1922.000	-0.012	1922.000	-0.012	1922.000	-0.012	1922.000	-0.036
1953.000	-0.012	1953.000	-0.012	1953.000	-0.011	1953.000	-0.032
1984.000	-0.012	1984.000	-0.012	1984.000	-0.015	1984.000	-0.032
2015.000	-0.011	2015.000	-0.012	2015.000	-0.015	2015.000	-0.034
2046.000	-0.010	2046.000	-0.014	2046.000	-0.014	2046.000	-0.032
2077.000	-0.015	2077.000	-0.014	2077.000	-0.013	2077.000	-0.036
2108.000	-0.015	2108.000	-0.013	2108.000	-0.013	2108.000	-0.037
2139.000	-0.014	2139.000	-0.013	2139.000	-0.012	2139.000	-0.038
2170.000	-0.014	2170.000	-0.016	2170.000	-0.017	2170.000	-0.040
2201.000	-0.013	2201.000	-0.015	2201.000	-0.017	2201.000	-0.043
2232.000	-0.013	2232.000	-0.014	2232.000	-0.016	2232.000	-0.038
2263.000	-0.012	2263.000	-0.014	2263.000	-0.016	2263.000	-0.041
2294.000	-0.012	2294.000	-0.015	2294.000	-0.015	2294.000	-0.043
2325.000	-0.017	2325.000	-0.016	2325.000	-0.014	2325.000	-0.041
2356.000	-0.016	2356.000	-0.018	2356.000	-0.019	2356.000	-0.041
2387.000	-0.016	2387.000	-0.017	2387.000	-0.019	2387.000	-0.042
2418.000	-0.016	2418.000	-0.017	2418.000	-0.018	2418.000	-0.044
2449.000	-0.015	2449.000	-0.019	2449.000	-0.017	2449.000	-0.044
2480.000	-0.015	2480.000	-0.018	2480.000	-0.021	2480.000	-0.042
2511.000	-0.014	2511.000	-0.017	2511.000	-0.020	2511.000	-0.044
2542.000	-0.014	2542.000	-0.020	2542.000	-0.019	2542.000	-0.044
2573.000	-0.018	2573.000	-0.019	2573.000	-0.021	2573.000	-0.043
2604.000	-0.018	2604.000	-0.019	2604.000	-0.021	2604.000	-0.047
2635.000	-0.018	2635.000	-0.021	2635.000	-0.020	2635.000	-0.046
2666.000	-0.017	2666.000	-0.020	2666.000	-0.019	2666.000	-0.047
2697.000	-0.017	2697.000	-0.019	2697.000	-0.018	2697.000	-0.044
2728.000	-0.016	2728.000	-0.021	2728.000	-0.023	2728.000	-0.047
2759.000	-0.016	2759.000	-0.021	2759.000	-0.023	2759.000	-0.047
2790.000	-0.015	2790.000	-0.020	2790.000	-0.022	2790.000	-0.049
2821.000	-0.020	2821.000	-0.023	2821.000	-0.021	2821.000	-0.046
2852.000	-0.020	2852.000	-0.022	2852.000	-0.020	2852.000	-0.046
2883.000	-0.019	2883.000	-0.021	2883.000	-0.019	2883.000	-0.049
2914.000	-0.019	2914.000	-0.023	2914.000	-0.024	2914.000	-0.050
2945.000	-0.018	2945.000	-0.023	2945.000	-0.024	2945.000	-0.053
2976.000	-0.017	2976.000	-0.022	2976.000	-0.024	2976.000	-0.053
3007.000	-0.017	3007.000	-0.024	3007.000	-0.023	3007.000	-0.050
3038.000	-0.016	3038.000	-0.024	3038.000	-0.026	3038.000	-0.053
3069.000	-0.021	3069.000	-0.023	3069.000	-0.025	3069.000	-0.054
3100.000	-0.021	3100.000	-0.025	3100.000	-0.025	3100.000	-0.052
3131.000	-0.020	3131.000	-0.025	3131.000	-0.024	3131.000	-0.052
3162.000	-0.020	3162.000	-0.024	3162.000	-0.027	3162.000	-0.052
3193.000	-0.019	3193.000	-0.026	3193.000	-0.026	3193.000	-0.053
3224.000	-0.018	3224.000	-0.026	3224.000	-0.026	3224.000	-0.050
3255.000	-0.018	3255.000	-0.025	3255.000	-0.028	3255.000	-0.050
3286.000	-0.017	3286.000	-0.026	3286.000	-0.027	3286.000	-0.052
3317.000	-0.022	3317.000	-0.025	3317.000	-0.027	3317.000	-0.054
3348.000	-0.022	3348.000	-0.024	3348.000	-0.028	3348.000	-0.050
3379.000	-0.021	3379.000	-0.028	3379.000	-0.028	3379.000	-0.050
3410.000	-0.021	3410.000	-0.027	3410.000	-0.028	3410.000	-0.050
3441.000	-0.020	3441.000	-0.028	3441.000	-0.029	3441.000	-0.051
3472.000	-0.019	3472.000	-0.029	3472.000	-0.029	3472.000	-0.050
3503.000	-0.018	3503.000	-0.029	3503.000	-0.028	3503.000	-0.053
3534.000	-0.018	3534.000	-0.028	3534.000	-0.027	3534.000	-0.053
3565.000	-0.023	3565.000	-0.030	3565.000	-0.026	3565.000	-0.056
3596.000	-0.023	3596.000	-0.029	3596.000	-0.025	3596.000	-0.050
							
							
							
