Batch	mads_t018.rre						
Evolution 600	161008						
Sample	Sample001	Sample	Sample002	Sample	sample003	Sample	Sample004
Data Mode	A	Data Mode	A	Data Mode	A	Data Mode	A
Smoothing	None	Smoothing	None	Smoothing	None	Smoothing	None
Date Collected	4/19/2010	Date Collected	4/19/2010	Date Collected	4/19/2010	Date Collected	4/19/2010
Time Collected	5:10:45PM	Time Collected	5:10:51PM	Time Collected	5:10:59PM	Time Collected	7:18:49PM
							
Substrate Conc.	1.8498 mmol/l	Substrate Conc.	3.6966 mmol/l	Substrate Conc.	5.5493 mmol/l	Substrate Conc.	7.3990 mmol/l
ss.sss	Value	ss.sss	Value	ss.sss	Value	ss.sss	Value
0.000	-0.001	0.000	0.013	0.000	0.012	0.000	0.028
49.000	0.001	49.000	0.013	49.000	0.012	49.000	0.028
98.000	0.000	98.000	0.014	98.000	0.011	98.000	0.029
147.000	0.000	147.000	0.014	147.000	0.012	147.000	0.029
196.000	0.001	196.000	0.014	196.000	0.012	196.000	0.028
245.000	0.000	245.000	0.014	245.000	0.012	245.000	0.029
294.000	0.001	294.000	0.014	294.000	0.013	294.000	0.029
343.000	0.001	343.000	0.013	343.000	0.013	343.000	0.029
392.000	0.000	392.000	0.014	392.000	0.013	392.000	0.029
441.000	0.001	441.000	0.013	441.000	0.013	441.000	0.029
490.000	0.000	490.000	0.015	490.000	0.014	490.000	0.029
539.000	0.000	539.000	0.013	539.000	0.014	539.000	0.030
588.000	0.001	588.000	0.014	588.000	0.014	588.000	0.030
637.000	0.000	637.000	0.014	637.000	0.014	637.000	0.030
686.000	0.001	686.000	0.014	686.000	0.014	686.000	0.031
735.000	0.000	735.000	0.014	735.000	0.014	735.000	0.031
784.000	0.001	784.000	0.014	784.000	0.014	784.000	0.031
833.000	0.001	833.000	0.015	833.000	0.014	833.000	0.030
882.000	0.000	882.000	0.014	882.000	0.015	882.000	0.031
931.000	0.001	931.000	0.015	931.000	0.015	931.000	0.031
980.000	0.001	980.000	0.015	980.000	0.016	980.000	0.032
1029.000	0.000	1029.000	0.015	1029.000	0.015	1029.000	0.032
1078.000	0.001	1078.000	0.015	1078.000	0.015	1078.000	0.031
1127.000	0.000	1127.000	0.015	1127.000	0.016	1127.000	0.032
1176.000	0.001	1176.000	0.015	1176.000	0.016	1176.000	0.032
1225.000	0.001	1225.000	0.015	1225.000	0.016	1225.000	0.032
1274.000	0.001	1274.000	0.016	1274.000	0.016	1274.000	0.033
1323.000	0.000	1323.000	0.015	1323.000	0.015	1323.000	0.032
1372.000	0.001	1372.000	0.016	1372.000	0.017	1372.000	0.032
1421.000	0.001	1421.000	0.015	1421.000	0.017	1421.000	0.033
1470.000	0.001	1470.000	0.015	1470.000	0.018	1470.000	0.033
1519.000	0.001	1519.000	0.016	1519.000	0.017	1519.000	0.033
1568.000	0.001	1568.000	0.016	1568.000	0.017	1568.000	0.033
1617.000	0.001	1617.000	0.016	1617.000	0.017	1617.000	0.034
1666.000	0.001	1666.000	0.016	1666.000	0.017	1666.000	0.034
1715.000	0.001	1715.000	0.016	1715.000	0.017	1715.000	0.034
1764.000	0.002	1764.000	0.016	1764.000	0.017	1764.000	0.035
1813.000	0.002	1813.000	0.017	1813.000	0.018	1813.000	0.034
1862.000	0.002	1862.000	0.017	1862.000	0.019	1862.000	0.035
1911.000	0.002	1911.000	0.017	1911.000	0.019	1911.000	0.035
1960.000	0.001	1960.000	0.017	1960.000	0.019	1960.000	0.036
2009.000	0.002	2009.000	0.017	2009.000	0.018	2009.000	0.036
2058.000	0.002	2058.000	0.017	2058.000	0.019	2058.000	0.035
2107.000	0.002	2107.000	0.017	2107.000	0.019	2107.000	0.036
2156.000	0.002	2156.000	0.016	2156.000	0.020	2156.000	0.036
2205.000	0.002	2205.000	0.018	2205.000	0.020	2205.000	0.036
2254.000	0.003	2254.000	0.018	2254.000	0.020	2254.000	0.036
2303.000	0.002	2303.000	0.018	2303.000	0.020	2303.000	0.036
2352.000	0.003	2352.000	0.018	2352.000	0.020	2352.000	0.037
2401.000	0.003	2401.000	0.018	2401.000	0.020	2401.000	0.036
2450.000	0.003	2450.000	0.018	2450.000	0.021	2450.000	0.037
2499.000	0.003	2499.000	0.018	2499.000	0.022	2499.000	0.037
2548.000	0.003	2548.000	0.018	2548.000	0.021	2548.000	0.038
2597.000	0.003	2597.000	0.018	2597.000	0.022	2597.000	0.038
2646.000	0.003	2646.000	0.019	2646.000	0.021	2646.000	0.038
2695.000	0.004	2695.000	0.019	2695.000	0.022	2695.000	0.038
2744.000	0.003	2744.000	0.019	2744.000	0.022	2744.000	0.039
2793.000	0.002	2793.000	0.019	2793.000	0.022	2793.000	0.039
2842.000	0.004	2842.000	0.018	2842.000	0.022	2842.000	0.039
2891.000	0.003	2891.000	0.020	2891.000	0.023	2891.000	0.039
2940.000	0.003	2940.000	0.020	2940.000	0.023	2940.000	0.039
2989.000	0.004	2989.000	0.019	2989.000	0.023	2989.000	0.039
3038.000	0.004	3038.000	0.020	3038.000	0.023	3038.000	0.040
3087.000	0.004	3087.000	0.019	3087.000	0.023	3087.000	0.040
3136.000	0.004	3136.000	0.020	3136.000	0.025	3136.000	0.041
3185.000	0.004	3185.000	0.020	3185.000	0.024	3185.000	0.041
3234.000	0.004	3234.000	0.020	3234.000	0.024	3234.000	0.041
3283.000	0.004	3283.000	0.020	3283.000	0.023	3283.000	0.040
3332.000	0.005	3332.000	0.020	3332.000	0.025	3332.000	0.042
3381.000	0.004	3381.000	0.020	3381.000	0.025	3381.000	0.041
3430.000	0.005	3430.000	0.021	3430.000	0.025	3430.000	0.042
3479.000	0.004	3479.000	0.021	3479.000	0.025	3479.000	0.042
3528.000	0.005	3528.000	0.021	3528.000	0.025	3528.000	0.042
3577.000	0.005	3577.000	0.021	3577.000	0.025	3577.000	0.042
3626.000	0.005	3626.000	0.021	3626.000	0.026	3626.000	0.043
3675.000	0.006	3675.000	0.021	3675.000	0.026	3675.000	0.044
3724.000	0.005	3724.000	0.022	3724.000	0.026	3724.000	0.043
3773.000	0.006	3773.000	0.022	3773.000	0.027	3773.000	0.044
3822.000	0.006	3822.000	0.022	3822.000	0.026	3822.000	0.044
3871.000	0.006	3871.000	0.022	3871.000	0.027	3871.000	0.045
3920.000	0.005	3920.000	0.022	3920.000	0.027	3920.000	0.045
3969.000	0.006	3969.000	0.023	3969.000	0.028	3969.000	0.045
4018.000	0.007	4018.000	0.022	4018.000	0.029	4018.000	0.045
4067.000	0.006	4067.000	0.023	4067.000	0.028	4067.000	0.045
4116.000	0.006	4116.000	0.023	4116.000	0.028	4116.000	0.046
4165.000	0.006	4165.000	0.022	4165.000	0.028	4165.000	0.045
4214.000	0.007	4214.000	0.023	4214.000	0.029	4214.000	0.047
4263.000	0.006	4263.000	0.023	4263.000	0.029	4263.000	0.046
4312.000	0.007	4312.000	0.023	4312.000	0.029	4312.000	0.047
4361.000	0.007	4361.000	0.023	4361.000	0.029	4361.000	0.047
4410.000	0.007	4410.000	0.024	4410.000	0.029	4410.000	0.048
4459.000	0.007	4459.000	0.024	4459.000	0.029	4459.000	0.047
4508.000	0.007	4508.000	0.024	4508.000	0.030	4508.000	0.048
4557.000	0.008	4557.000	0.025	4557.000	0.030	4557.000	0.048
4606.000	0.007	4606.000	0.024	4606.000	0.030	4606.000	0.049
4655.000	0.007	4655.000	0.024	4655.000	0.030	4655.000	0.048
4704.000	0.007	4704.000	0.024	4704.000	0.031	4704.000	0.049
4753.000	0.007	4753.000	0.025	4753.000	0.031	4753.000	0.049
4802.000	0.008	4802.000	0.025	4802.000	0.031	4802.000	0.049
4851.000	0.009	4851.000	0.025	4851.000	0.032	4851.000	0.049
4900.000	0.008	4900.000	0.025	4900.000	0.032	4900.000	0.050
4949.000	0.008	4949.000	0.027	4949.000	0.033	4949.000	0.050
4998.000	0.008	4998.000	0.026	4998.000	0.032	4998.000	0.050
5047.000	0.009	5047.000	0.026	5047.000	0.034	5047.000	0.050
5096.000	0.008	5096.000	0.026	5096.000	0.033	5096.000	0.051
5145.000	0.009	5145.000	0.026	5145.000	0.033	5145.000	0.051
5194.000	0.010	5194.000	0.026	5194.000	0.033	5194.000	0.052
5243.000	0.008	5243.000	0.027	5243.000	0.033	5243.000	0.052
5292.000	0.009	5292.000	0.027	5292.000	0.034	5292.000	0.052
5341.000	0.009	5341.000	0.027	5341.000	0.034	5341.000	0.052
5390.000	0.010	5390.000	0.028	5390.000	0.034	5390.000	0.052
5439.000	0.010	5439.000	0.027	5439.000	0.035	5439.000	0.053
5488.000	0.010	5488.000	0.028	5488.000	0.036	5488.000	0.053
5537.000	0.010	5537.000	0.027	5537.000	0.036	5537.000	0.053
5586.000	0.010	5586.000	0.028	5586.000	0.037	5586.000	0.054
5635.000	0.011	5635.000	0.028	5635.000	0.036	5635.000	0.054
5684.000	0.010	5684.000	0.029	5684.000	0.036	5684.000	0.054
5733.000	0.010	5733.000	0.029	5733.000	0.036	5733.000	0.054
5782.000	0.010	5782.000	0.029	5782.000	0.037	5782.000	0.055
5831.000	0.011	5831.000	0.030	5831.000	0.038	5831.000	0.055
5880.000	0.011	5880.000	0.030	5880.000	0.037	5880.000	0.055
5929.000	0.010	5929.000	0.030	5929.000	0.037	5929.000	0.055
5978.000	0.011	5978.000	0.030	5978.000	0.038	5978.000	0.056
6027.000	0.011	6027.000	0.030	6027.000	0.038	6027.000	0.056
6076.000	0.011	6076.000	0.030	6076.000	0.038	6076.000	0.056
6125.000	0.012	6125.000	0.029	6125.000	0.038	6125.000	0.057
6174.000	0.011	6174.000	0.030	6174.000	0.039	6174.000	0.057
6223.000	0.012	6223.000	0.031	6223.000	0.039	6223.000	0.057
6272.000	0.012	6272.000	0.031	6272.000	0.040	6272.000	0.057
6321.000	0.011	6321.000	0.032	6321.000	0.039	6321.000	0.058
6370.000	0.012	6370.000	0.031	6370.000	0.040	6370.000	0.058
6419.000	0.013	6419.000	0.032	6419.000	0.040	6419.000	0.058
6468.000	0.012	6468.000	0.031	6468.000	0.040	6468.000	0.059
6517.000	0.012	6517.000	0.032	6517.000	0.040	6517.000	0.059
6566.000	0.012	6566.000	0.032	6566.000	0.041	6566.000	0.059
6615.000	0.013	6615.000	0.033	6615.000	0.041	6615.000	0.059
6664.000	0.013	6664.000	0.033	6664.000	0.041	6664.000	0.060
6713.000	0.014	6713.000	0.033	6713.000	0.041	6713.000	0.059
6762.000	0.013	6762.000	0.033	6762.000	0.042	6762.000	0.060
6811.000	0.014	6811.000	0.033	6811.000	0.042	6811.000	0.060
6860.000	0.013	6860.000	0.033	6860.000	0.042	6860.000	0.061
6909.000	0.013	6909.000	0.034	6909.000	0.042	6909.000	0.061
6958.000	0.014	6958.000	0.033	6958.000	0.043	6958.000	0.061
7007.000	0.013	7007.000	0.034	7007.000	0.043	7007.000	0.062
7056.000	0.014	7056.000	0.034	7056.000	0.043	7056.000	0.062
7105.000	0.014	7105.000	0.034	7105.000	0.043	7105.000	0.062
7154.000	0.014	7154.000	0.035	7154.000	0.043	7154.000	0.062
7203.000	0.014	7203.000	0.034	7203.000	0.045	7203.000	0.063
7252.000	0.014	7252.000	0.034	7252.000	0.044	7252.000	0.062
7301.000	0.015	7301.000	0.035	7301.000	0.044	7301.000	0.063
7350.000	0.015	7350.000	0.034	7350.000	0.045	7350.000	0.064
7399.000	0.015	7399.000	0.035	7399.000	0.045	7399.000	0.064
7448.000	0.015	7448.000	0.035	7448.000	0.046	7448.000	0.065
7497.000	0.016	7497.000	0.035	7497.000	0.045	7497.000	0.065
7546.000	0.015	7546.000	0.035	7546.000	0.046	7546.000	0.065
7595.000	0.016	7595.000	0.036	7595.000	0.046	7595.000	0.065
7644.000	0.015	7644.000	0.036	7644.000	0.046	7644.000	0.066
							
							
							
