Batch	mads_t004.rre						
Evolution 600	161008						
Sample	Sample001	Sample	Sample002	Sample	sample003	Sample	Sample004
Data Mode	A	Data Mode	A	Data Mode	A	Data Mode	A
Smoothing	None	Smoothing	None	Smoothing	None	Smoothing	None
Date Collected	4/9/2010	Date Collected	4/9/2010	Date Collected	4/9/2010	Date Collected	4/9/2010
Time Collected	7:01:30PM	Time Collected	7:01:37PM	Time Collected	7:01:44PM	Time Collected	7:01:51PM
							
Substrate Conc.	1.6140 	Substrate Conc.	3.2279 	Substrate Conc.	4.8419 	Substrate Conc.	6.4558 
ss.sss	Value	ss.sss	Value	ss.sss	Value	ss.sss	Value
0.000	0.000	0.000	0.006	0.000	0.019	0.000	0.019
49.000	0.000	49.000	0.006	49.000	0.020	49.000	0.018
98.000	0.001	98.000	0.006	98.000	0.021	98.000	0.018
147.000	0.000	147.000	0.005	147.000	0.021	147.000	0.018
196.000	0.000	196.000	0.006	196.000	0.022	196.000	0.018
245.000	0.000	245.000	0.005	245.000	0.022	245.000	0.018
294.000	0.000	294.000	0.006	294.000	0.023	294.000	0.018
343.000	0.000	343.000	0.005	343.000	0.023	343.000	0.018
392.000	0.001	392.000	0.005	392.000	0.024	392.000	0.017
441.000	0.000	441.000	0.005	441.000	0.024	441.000	0.018
490.000	0.000	490.000	0.005	490.000	0.024	490.000	0.018
539.000	0.000	539.000	0.005	539.000	0.025	539.000	0.018
588.000	0.000	588.000	0.005	588.000	0.025	588.000	0.018
637.000	0.000	637.000	0.005	637.000	0.025	637.000	0.019
686.000	0.000	686.000	0.005	686.000	0.025	686.000	0.018
735.000	0.000	735.000	0.004	735.000	0.026	735.000	0.019
784.000	0.000	784.000	0.004	784.000	0.026	784.000	0.019
833.000	0.000	833.000	0.003	833.000	0.027	833.000	0.018
882.000	0.000	882.000	0.004	882.000	0.027	882.000	0.018
931.000	0.000	931.000	0.004	931.000	0.028	931.000	0.017
980.000	0.000	980.000	0.003	980.000	0.027	980.000	0.018
1029.000	0.000	1029.000	0.004	1029.000	0.028	1029.000	0.018
1078.000	0.000	1078.000	0.004	1078.000	0.028	1078.000	0.018
1127.000	0.001	1127.000	0.003	1127.000	0.028	1127.000	0.018
1176.000	0.000	1176.000	0.003	1176.000	0.029	1176.000	0.018
1225.000	0.000	1225.000	0.004	1225.000	0.029	1225.000	0.018
1274.000	0.001	1274.000	0.004	1274.000	0.028	1274.000	0.018
1323.000	0.000	1323.000	0.003	1323.000	0.028	1323.000	0.018
1372.000	0.001	1372.000	0.004	1372.000	0.028	1372.000	0.018
1421.000	0.000	1421.000	0.004	1421.000	0.029	1421.000	0.019
1470.000	0.000	1470.000	0.003	1470.000	0.029	1470.000	0.019
1519.000	0.000	1519.000	0.003	1519.000	0.029	1519.000	0.019
1568.000	0.000	1568.000	0.003	1568.000	0.029	1568.000	0.020
1617.000	0.000	1617.000	0.003	1617.000	0.029	1617.000	0.018
1666.000	0.001	1666.000	0.003	1666.000	0.030	1666.000	0.018
1715.000	0.000	1715.000	0.003	1715.000	0.030	1715.000	0.019
1764.000	0.001	1764.000	0.003	1764.000	0.030	1764.000	0.018
1813.000	0.000	1813.000	0.002	1813.000	0.031	1813.000	0.020
1862.000	0.000	1862.000	0.003	1862.000	0.030	1862.000	0.020
1911.000	0.001	1911.000	0.002	1911.000	0.030	1911.000	0.019
1960.000	0.000	1960.000	0.002	1960.000	0.031	1960.000	0.020
2009.000	0.000	2009.000	0.002	2009.000	0.031	2009.000	0.020
2058.000	0.000	2058.000	0.002	2058.000	0.031	2058.000	0.020
2107.000	0.000	2107.000	0.001	2107.000	0.031	2107.000	0.019
2156.000	0.001	2156.000	0.002	2156.000	0.031	2156.000	0.020
2205.000	0.000	2205.000	0.001	2205.000	0.032	2205.000	0.020
2254.000	0.000	2254.000	0.001	2254.000	0.031	2254.000	0.020
2303.000	0.000	2303.000	0.002	2303.000	0.032	2303.000	0.020
2352.000	-0.001	2352.000	0.002	2352.000	0.031	2352.000	0.021
2401.000	0.000	2401.000	0.001	2401.000	0.031	2401.000	0.021
2450.000	0.000	2450.000	0.001	2450.000	0.032	2450.000	0.021
2499.000	0.000	2499.000	0.002	2499.000	0.032	2499.000	0.021
2548.000	-0.001	2548.000	0.002	2548.000	0.032	2548.000	0.021
2597.000	0.000	2597.000	0.002	2597.000	0.032	2597.000	0.021
2646.000	0.000	2646.000	0.001	2646.000	0.033	2646.000	0.021
2695.000	0.001	2695.000	0.001	2695.000	0.032	2695.000	0.021
2744.000	-0.001	2744.000	0.001	2744.000	0.033	2744.000	0.021
2793.000	0.000	2793.000	0.002	2793.000	0.033	2793.000	0.021
2842.000	0.000	2842.000	0.001	2842.000	0.033	2842.000	0.021
2891.000	0.000	2891.000	0.001	2891.000	0.033	2891.000	0.021
2940.000	0.000	2940.000	0.001	2940.000	0.032	2940.000	0.021
2989.000	0.000	2989.000	0.000	2989.000	0.034	2989.000	0.022
3038.000	0.000	3038.000	0.001	3038.000	0.033	3038.000	0.022
3087.000	0.001	3087.000	0.001	3087.000	0.033	3087.000	0.022
3136.000	-0.001	3136.000	0.001	3136.000	0.033	3136.000	0.022
3185.000	0.000	3185.000	0.001	3185.000	0.034	3185.000	0.022
3234.000	0.000	3234.000	0.002	3234.000	0.034	3234.000	0.022
3283.000	0.000	3283.000	0.001	3283.000	0.034	3283.000	0.022
3332.000	0.000	3332.000	0.001	3332.000	0.034	3332.000	0.021
3381.000	0.001	3381.000	0.001	3381.000	0.034	3381.000	0.022
3430.000	0.000	3430.000	0.000	3430.000	0.034	3430.000	0.024
3479.000	0.000	3479.000	0.001	3479.000	0.034	3479.000	0.023
3528.000	0.000	3528.000	0.001	3528.000	0.034	3528.000	0.022
3577.000	0.000	3577.000	0.001	3577.000	0.034	3577.000	0.023
3626.000	-0.001	3626.000	0.001	3626.000	0.034	3626.000	0.023
3675.000	-0.001	3675.000	0.001	3675.000	0.034	3675.000	0.023
3724.000	0.000	3724.000	0.001	3724.000	0.034	3724.000	0.023
3773.000	-0.001	3773.000	0.001	3773.000	0.035	3773.000	0.023
3822.000	-0.001	3822.000	0.000	3822.000	0.034	3822.000	0.023
3871.000	0.000	3871.000	0.001	3871.000	0.035	3871.000	0.024
3920.000	-0.001	3920.000	0.001	3920.000	0.035	3920.000	0.024
3969.000	0.000	3969.000	0.001	3969.000	0.034	3969.000	0.024
4018.000	0.000	4018.000	0.001	4018.000	0.035	4018.000	0.024
4067.000	-0.001	4067.000	0.001	4067.000	0.036	4067.000	0.024
4116.000	-0.001	4116.000	0.001	4116.000	0.036	4116.000	0.024
4165.000	0.000	4165.000	0.001	4165.000	0.036	4165.000	0.024
4214.000	0.000	4214.000	0.002	4214.000	0.036	4214.000	0.025
4263.000	0.000	4263.000	0.002	4263.000	0.036	4263.000	0.025
4312.000	0.000	4312.000	0.002	4312.000	0.037	4312.000	0.025
4361.000	-0.001	4361.000	0.001	4361.000	0.035	4361.000	0.024
4410.000	-0.001	4410.000	0.002	4410.000	0.035	4410.000	0.025
4459.000	0.000	4459.000	0.002	4459.000	0.036	4459.000	0.025
4508.000	0.000	4508.000	0.002	4508.000	0.036	4508.000	0.025
4557.000	0.000	4557.000	0.001	4557.000	0.036	4557.000	0.026
4606.000	-0.001	4606.000	0.002	4606.000	0.036	4606.000	0.025
4655.000	0.000	4655.000	0.002	4655.000	0.036	4655.000	0.026
4704.000	0.000	4704.000	0.002	4704.000	0.037	4704.000	0.026
4753.000	0.000	4753.000	0.002	4753.000	0.037	4753.000	0.026
4802.000	-0.001	4802.000	0.002	4802.000	0.037	4802.000	0.026
4851.000	0.000	4851.000	0.002	4851.000	0.038	4851.000	0.026
4900.000	0.000	4900.000	0.002	4900.000	0.037	4900.000	0.026
4949.000	0.000	4949.000	0.002	4949.000	0.037	4949.000	0.026
4998.000	-0.001	4998.000	0.002	4998.000	0.038	4998.000	0.026
5047.000	0.000	5047.000	0.002	5047.000	0.038	5047.000	0.027
5096.000	-0.001	5096.000	0.003	5096.000	0.037	5096.000	0.027
5145.000	-0.001	5145.000	0.002	5145.000	0.037	5145.000	0.027
5194.000	0.000	5194.000	0.002	5194.000	0.037	5194.000	0.027
5243.000	0.000	5243.000	0.003	5243.000	0.038	5243.000	0.027
5292.000	0.000	5292.000	0.003	5292.000	0.038	5292.000	0.028
5341.000	0.000	5341.000	0.003	5341.000	0.038	5341.000	0.028
5390.000	-0.001	5390.000	0.003	5390.000	0.038	5390.000	0.027
5439.000	0.000	5439.000	0.002	5439.000	0.038	5439.000	0.028
5488.000	0.000	5488.000	0.003	5488.000	0.039	5488.000	0.028
5537.000	-0.001	5537.000	0.003	5537.000	0.038	5537.000	0.027
5586.000	-0.002	5586.000	0.004	5586.000	0.039	5586.000	0.028
5635.000	-0.001	5635.000	0.004	5635.000	0.039	5635.000	0.029
5684.000	0.000	5684.000	0.003	5684.000	0.039	5684.000	0.029
5733.000	-0.001	5733.000	0.003	5733.000	0.040	5733.000	0.028
5782.000	0.000	5782.000	0.004	5782.000	0.040	5782.000	0.029
5831.000	-0.001	5831.000	0.004	5831.000	0.040	5831.000	0.029
5880.000	0.000	5880.000	0.003	5880.000	0.039	5880.000	0.029
5929.000	0.000	5929.000	0.003	5929.000	0.039	5929.000	0.029
5978.000	0.000	5978.000	0.004	5978.000	0.039	5978.000	0.029
6027.000	0.000	6027.000	0.003	6027.000	0.040	6027.000	0.029
6076.000	0.000	6076.000	0.003	6076.000	0.040	6076.000	0.030
6125.000	0.000	6125.000	0.004	6125.000	0.039	6125.000	0.030
6174.000	0.000	6174.000	0.004	6174.000	0.039	6174.000	0.030
6223.000	0.000	6223.000	0.004	6223.000	0.040	6223.000	0.030
6272.000	-0.001	6272.000	0.004	6272.000	0.040	6272.000	0.030
6321.000	0.000	6321.000	0.005	6321.000	0.040	6321.000	0.030
6370.000	-0.001	6370.000	0.004	6370.000	0.040	6370.000	0.031
6419.000	0.000	6419.000	0.004	6419.000	0.040	6419.000	0.031
6468.000	0.000	6468.000	0.004	6468.000	0.041	6468.000	0.031
6517.000	0.000	6517.000	0.004	6517.000	0.040	6517.000	0.032
6566.000	0.000	6566.000	0.005	6566.000	0.041	6566.000	0.031
6615.000	0.000	6615.000	0.005	6615.000	0.040	6615.000	0.030
6664.000	0.000	6664.000	0.005	6664.000	0.040	6664.000	0.031
6713.000	0.000	6713.000	0.005	6713.000	0.041	6713.000	0.031
6762.000	0.000	6762.000	0.004	6762.000	0.041	6762.000	0.032
6811.000	0.000	6811.000	0.005	6811.000	0.041	6811.000	0.032
6860.000	0.000	6860.000	0.006	6860.000	0.042	6860.000	0.032
6909.000	0.000	6909.000	0.005	6909.000	0.042	6909.000	0.033
6958.000	0.000	6958.000	0.006	6958.000	0.042	6958.000	0.033
7007.000	0.000	7007.000	0.005	7007.000	0.041	7007.000	0.032
7056.000	0.000	7056.000	0.006	7056.000	0.041	7056.000	0.033
7105.000	0.000	7105.000	0.005	7105.000	0.043	7105.000	0.033
7154.000	0.000	7154.000	0.006	7154.000	0.042	7154.000	0.033
7203.000	0.000	7203.000	0.006	7203.000	0.042	7203.000	0.033
7252.000	0.000	7252.000	0.006	7252.000	0.042	7252.000	0.034
7301.000	0.001	7301.000	0.006	7301.000	0.043	7301.000	0.033
7350.000	0.000	7350.000	0.006	7350.000	0.042	7350.000	0.033
7399.000	0.001	7399.000	0.006	7399.000	0.042	7399.000	0.033
7448.000	0.001	7448.000	0.006	7448.000	0.043	7448.000	0.035
7497.000	0.000	7497.000	0.006	7497.000	0.043	7497.000	0.034
7546.000	0.001	7546.000	0.006	7546.000	0.043	7546.000	0.035
7595.000	0.001	7595.000	0.006	7595.000	0.043	7595.000	0.035
7644.000	0.001	7644.000	0.007	7644.000	0.043	7644.000	0.035
7693.000	0.001	7693.000	0.007	7693.000	0.043	7693.000	0.035
7742.000	0.001	7742.000	0.007	7742.000	0.044	7742.000	0.035
7791.000	0.001	7791.000	0.007	7791.000	0.044	7791.000	0.035
7840.000	0.001	7840.000	0.007	7840.000	0.043	7840.000	0.035
7889.000	0.001	7889.000	0.007	7889.000	0.043	7889.000	0.036
7938.000	0.001	7938.000	0.007	7938.000	0.043	7938.000	0.035
7987.000	0.001	7987.000	0.008	7987.000	0.045	7987.000	0.036
8036.000	0.001	8036.000	0.007	8036.000	0.044	8036.000	0.036
8085.000	0.001	8085.000	0.008	8085.000	0.044	8085.000	0.037
8134.000	0.001	8134.000	0.008	8134.000	0.045	8134.000	0.037
8183.000	0.001	8183.000	0.008	8183.000	0.044	8183.000	0.037
8232.000	0.001	8232.000	0.008	8232.000	0.044	8232.000	0.037
8281.000	0.001	8281.000	0.008	8281.000	0.045	8281.000	0.037
8330.000	0.002	8330.000	0.008	8330.000	0.044	8330.000	0.038
8379.000	0.001	8379.000	0.009	8379.000	0.045	8379.000	0.037
8428.000	0.001	8428.000	0.008	8428.000	0.045	8428.000	0.037
8477.000	0.001	8477.000	0.008	8477.000	0.045	8477.000	0.037
8526.000	0.001	8526.000	0.009	8526.000	0.046	8526.000	0.038
8575.000	0.001	8575.000	0.009	8575.000	0.046	8575.000	0.038
8624.000	0.001	8624.000	0.008	8624.000	0.045	8624.000	0.038
8673.000	0.001	8673.000	0.009	8673.000	0.045	8673.000	0.038
8722.000	0.001	8722.000	0.009	8722.000	0.046	8722.000	0.038
8771.000	0.001	8771.000	0.010	8771.000	0.046	8771.000	0.039
8820.000	0.001	8820.000	0.009	8820.000	0.047	8820.000	0.039
8869.000	0.002	8869.000	0.009	8869.000	0.046	8869.000	0.039
8918.000	0.001	8918.000	0.010	8918.000	0.046	8918.000	0.040
8967.000	0.002	8967.000	0.009	8967.000	0.047	8967.000	0.039
9016.000	0.001	9016.000	0.009	9016.000	0.047	9016.000	0.040
9065.000	0.001	9065.000	0.010	9065.000	0.047	9065.000	0.039
9114.000	0.002	9114.000	0.010	9114.000	0.047	9114.000	0.039
9163.000	0.002	9163.000	0.010	9163.000	0.047	9163.000	0.041
9212.000	0.002	9212.000	0.009	9212.000	0.047	9212.000	0.040
9261.000	0.002	9261.000	0.010	9261.000	0.047	9261.000	0.040
9310.000	0.002	9310.000	0.011	9310.000	0.047	9310.000	0.041
9359.000	0.003	9359.000	0.010	9359.000	0.048	9359.000	0.040
9408.000	0.003	9408.000	0.010	9408.000	0.047	9408.000	0.041
9457.000	0.002	9457.000	0.010	9457.000	0.047	9457.000	0.041
9506.000	0.002	9506.000	0.011	9506.000	0.048	9506.000	0.041
9555.000	0.002	9555.000	0.010	9555.000	0.047	9555.000	0.042
9604.000	0.003	9604.000	0.011	9604.000	0.048	9604.000	0.042
9653.000	0.002	9653.000	0.011	9653.000	0.047	9653.000	0.042
9702.000	0.003	9702.000	0.011	9702.000	0.048	9702.000	0.042
9751.000	0.003	9751.000	0.011	9751.000	0.048	9751.000	0.043
9800.000	0.003	9800.000	0.012	9800.000	0.049	9800.000	0.043
9849.000	0.003	9849.000	0.012	9849.000	0.048	9849.000	0.042
9898.000	0.002	9898.000	0.011	9898.000	0.049	9898.000	0.043
9947.000	0.003	9947.000	0.011	9947.000	0.049	9947.000	0.043
9996.000	0.002	9996.000	0.012	9996.000	0.048	9996.000	0.042
10045.000	0.003	10045.000	0.011	10045.000	0.049	10045.000	0.044
10094.000	0.003	10094.000	0.012	10094.000	0.049	10094.000	0.043
10143.000	0.003	10143.000	0.012	10143.000	0.049	10143.000	0.044
10192.000	0.003	10192.000	0.012	10192.000	0.049	10192.000	0.043
10241.000	0.004	10241.000	0.012	10241.000	0.049	10241.000	0.044
10290.000	0.003	10290.000	0.012	10290.000	0.049	10290.000	0.044
10339.000	0.003	10339.000	0.013	10339.000	0.050	10339.000	0.044
10388.000	0.003	10388.000	0.012	10388.000	0.050	10388.000	0.045
10437.000	0.004	10437.000	0.012	10437.000	0.049	10437.000	0.044
10486.000	0.003	10486.000	0.012	10486.000	0.050	10486.000	0.045
10535.000	0.004	10535.000	0.013	10535.000	0.051	10535.000	0.045
10584.000	0.004	10584.000	0.013	10584.000	0.051	10584.000	0.045
10633.000	0.004	10633.000	0.013	10633.000	0.050	10633.000	0.044
10682.000	0.004	10682.000	0.013	10682.000	0.051	10682.000	0.046
10731.000	0.004	10731.000	0.013	10731.000	0.051	10731.000	0.045
10780.000	0.004	10780.000	0.013	10780.000	0.051	10780.000	0.045
10829.000	0.003	10829.000	0.014	10829.000	0.051	10829.000	0.046
10878.000	0.004	10878.000	0.014	10878.000	0.050	10878.000	0.046
10927.000	0.004	10927.000	0.014	10927.000	0.051	10927.000	0.046
10976.000	0.004	10976.000	0.014	10976.000	0.051	10976.000	0.046
11025.000	0.004	11025.000	0.014	11025.000	0.051	11025.000	0.047
11074.000	0.004	11074.000	0.014	11074.000	0.051	11074.000	0.047
11123.000	0.004	11123.000	0.014	11123.000	0.052	11123.000	0.047
11172.000	0.004	11172.000	0.014	11172.000	0.051	11172.000	0.047
11221.000	0.005	11221.000	0.014	11221.000	0.052	11221.000	0.047
11270.000	0.005	11270.000	0.014	11270.000	0.052	11270.000	0.047
11319.000	0.005	11319.000	0.014	11319.000	0.052	11319.000	0.048
11368.000	0.005	11368.000	0.015	11368.000	0.053	11368.000	0.048
11417.000	0.004	11417.000	0.015	11417.000	0.052	11417.000	0.048
11466.000	0.005	11466.000	0.015	11466.000	0.053	11466.000	0.048
11515.000	0.005	11515.000	0.015	11515.000	0.053	11515.000	0.049
11564.000	0.005	11564.000	0.015	11564.000	0.053	11564.000	0.049
11613.000	0.005	11613.000	0.016	11613.000	0.053	11613.000	0.049
11662.000	0.005	11662.000	0.015	11662.000	0.054	11662.000	0.049
11711.000	0.006	11711.000	0.016	11711.000	0.053	11711.000	0.050
11760.000	0.006	11760.000	0.016	11760.000	0.053	11760.000	0.049
11809.000	0.005	11809.000	0.015	11809.000	0.053	11809.000	0.049
11858.000	0.006	11858.000	0.015	11858.000	0.054	11858.000	0.049
11907.000	0.006	11907.000	0.015	11907.000	0.053	11907.000	0.050
11956.000	0.006	11956.000	0.016	11956.000	0.054	11956.000	0.050
12005.000	0.005	12005.000	0.016	12005.000	0.054	12005.000	0.051
12054.000	0.006	12054.000	0.016	12054.000	0.055	12054.000	0.050
12103.000	0.005	12103.000	0.016	12103.000	0.054	12103.000	0.051
12152.000	0.006	12152.000	0.016	12152.000	0.055	12152.000	0.051
12201.000	0.007	12201.000	0.016	12201.000	0.055	12201.000	0.051
12250.000	0.006	12250.000	0.015	12250.000	0.056	12250.000	0.052
12299.000	0.006	12299.000	0.016	12299.000	0.055	12299.000	0.051
12348.000	0.006	12348.000	0.016	12348.000	0.056	12348.000	0.052
12397.000	0.007	12397.000	0.017	12397.000	0.056	12397.000	0.052
12446.000	0.007	12446.000	0.016	12446.000	0.056	12446.000	0.052
12495.000	0.006	12495.000	0.016	12495.000	0.056	12495.000	0.052
12544.000	0.006	12544.000	0.016	12544.000	0.056	12544.000	0.053
12593.000	0.006	12593.000	0.017	12593.000	0.056	12593.000	0.053
12642.000	0.007	12642.000	0.017	12642.000	0.056	12642.000	0.052
12691.000	0.006	12691.000	0.017	12691.000	0.057	12691.000	0.053
12740.000	0.007	12740.000	0.018	12740.000	0.057	12740.000	0.053
12789.000	0.007	12789.000	0.017	12789.000	0.057	12789.000	0.054
12838.000	0.007	12838.000	0.017	12838.000	0.056	12838.000	0.054
12887.000	0.007	12887.000	0.018	12887.000	0.057	12887.000	0.054
12936.000	0.007	12936.000	0.018	12936.000	0.057	12936.000	0.054
12985.000	0.007	12985.000	0.018	12985.000	0.057	12985.000	0.054
13034.000	0.007	13034.000	0.018	13034.000	0.058	13034.000	0.055
13083.000	0.008	13083.000	0.017	13083.000	0.058	13083.000	0.054
13132.000	0.008	13132.000	0.018	13132.000	0.058	13132.000	0.055
13181.000	0.007	13181.000	0.018	13181.000	0.058	13181.000	0.055
13230.000	0.007	13230.000	0.019	13230.000	0.058	13230.000	0.055
13279.000	0.008	13279.000	0.018	13279.000	0.058	13279.000	0.055
13328.000	0.008	13328.000	0.019	13328.000	0.058	13328.000	0.056
13377.000	0.008	13377.000	0.019	13377.000	0.059	13377.000	0.056
13426.000	0.008	13426.000	0.019	13426.000	0.059	13426.000	0.056
13475.000	0.008	13475.000	0.019	13475.000	0.059	13475.000	0.056
13524.000	0.008	13524.000	0.019	13524.000	0.060	13524.000	0.056
13573.000	0.008	13573.000	0.019	13573.000	0.059	13573.000	0.056
13622.000	0.008	13622.000	0.019	13622.000	0.059	13622.000	0.056
13671.000	0.008	13671.000	0.019	13671.000	0.060	13671.000	0.057
13720.000	0.009	13720.000	0.019	13720.000	0.060	13720.000	0.056
13769.000	0.008	13769.000	0.019	13769.000	0.060	13769.000	0.057
13818.000	0.009	13818.000	0.020	13818.000	0.061	13818.000	0.057
13867.000	0.009	13867.000	0.020	13867.000	0.060	13867.000	0.057
13916.000	0.008	13916.000	0.019	13916.000	0.060	13916.000	0.058
13965.000	0.009	13965.000	0.019	13965.000	0.060	13965.000	0.058
14014.000	0.009	14014.000	0.020	14014.000	0.061	14014.000	0.058
14063.000	0.009	14063.000	0.020	14063.000	0.061	14063.000	0.058
14112.000	0.009	14112.000	0.020	14112.000	0.061	14112.000	0.058
14161.000	0.009	14161.000	0.020	14161.000	0.062	14161.000	0.059
14210.000	0.009	14210.000	0.020	14210.000	0.062	14210.000	0.059
14259.000	0.009	14259.000	0.020	14259.000	0.062	14259.000	0.060
14308.000	0.010	14308.000	0.021	14308.000	0.062	14308.000	0.059
14357.000	0.010	14357.000	0.021	14357.000	0.062	14357.000	0.059
14406.000	0.010	14406.000	0.021	14406.000	0.062	14406.000	0.060
14455.000	0.010	14455.000	0.021	14455.000	0.062	14455.000	0.060
14504.000	0.010	14504.000	0.021	14504.000	0.063	14504.000	0.061
14553.000	0.011	14553.000	0.021	14553.000	0.063	14553.000	0.060
14602.000	0.011	14602.000	0.022	14602.000	0.063	14602.000	0.060
14651.000	0.010	14651.000	0.021	14651.000	0.063	14651.000	0.061
14700.000	0.011	14700.000	0.021	14700.000	0.063	14700.000	0.060
14749.000	0.010	14749.000	0.022	14749.000	0.063	14749.000	0.061
14798.000	0.011	14798.000	0.022	14798.000	0.064	14798.000	0.061
14847.000	0.011	14847.000	0.022	14847.000	0.064	14847.000	0.061
14896.000	0.011	14896.000	0.021	14896.000	0.064	14896.000	0.061
14945.000	0.012	14945.000	0.022	14945.000	0.064	14945.000	0.062
14994.000	0.010	14994.000	0.022	14994.000	0.064	14994.000	0.062
15043.000	0.011	15043.000	0.022	15043.000	0.064	15043.000	0.062
15092.000	0.011	15092.000	0.023	15092.000	0.064	15092.000	0.062
15141.000	0.012	15141.000	0.022	15141.000	0.065	15141.000	0.063
15190.000	0.011	15190.000	0.023	15190.000	0.065	15190.000	0.062
15239.000	0.012	15239.000	0.023	15239.000	0.065	15239.000	0.062
15288.000	0.011	15288.000	0.023	15288.000	0.066	15288.000	0.063
15337.000	0.012	15337.000	0.023	15337.000	0.065	15337.000	0.063
15386.000	0.011	15386.000	0.022	15386.000	0.065	15386.000	0.064
15435.000	0.012	15435.000	0.024	15435.000	0.066	15435.000	0.064
15484.000	0.012	15484.000	0.023	15484.000	0.066	15484.000	0.063
15533.000	0.011	15533.000	0.023	15533.000	0.065	15533.000	0.064
15582.000	0.012	15582.000	0.024	15582.000	0.066	15582.000	0.065
15631.000	0.013	15631.000	0.024	15631.000	0.066	15631.000	0.065
15680.000	0.013	15680.000	0.023	15680.000	0.067	15680.000	0.065
15729.000	0.012	15729.000	0.024	15729.000	0.067	15729.000	0.065
15778.000	0.013	15778.000	0.025	15778.000	0.066	15778.000	0.065
15827.000	0.012	15827.000	0.024	15827.000	0.067	15827.000	0.065
15876.000	0.013	15876.000	0.025	15876.000	0.068	15876.000	0.066
15925.000	0.013	15925.000	0.024	15925.000	0.067	15925.000	0.066
15974.000	0.013	15974.000	0.025	15974.000	0.068	15974.000	0.065
16023.000	0.012	16023.000	0.024	16023.000	0.067	16023.000	0.066
16072.000	0.013	16072.000	0.024	16072.000	0.068	16072.000	0.065
16121.000	0.013	16121.000	0.025	16121.000	0.068	16121.000	0.066
16170.000	0.013	16170.000	0.025	16170.000	0.068	16170.000	0.067
16219.000	0.013	16219.000	0.025	16219.000	0.069	16219.000	0.066
16268.000	0.014	16268.000	0.025	16268.000	0.069	16268.000	0.066
16317.000	0.013	16317.000	0.025	16317.000	0.069	16317.000	0.067
16366.000	0.013	16366.000	0.026	16366.000	0.069	16366.000	0.067
16415.000	0.014	16415.000	0.025	16415.000	0.069	16415.000	0.067
16464.000	0.014	16464.000	0.025	16464.000	0.069	16464.000	0.067
16513.000	0.014	16513.000	0.026	16513.000	0.070	16513.000	0.067
16562.000	0.014	16562.000	0.025	16562.000	0.070	16562.000	0.068
16611.000	0.014	16611.000	0.025	16611.000	0.071	16611.000	0.068
16660.000	0.014	16660.000	0.026	16660.000	0.070	16660.000	0.068
16709.000	0.014	16709.000	0.026	16709.000	0.070	16709.000	0.068
16758.000	0.014	16758.000	0.026	16758.000	0.071	16758.000	0.069
16807.000	0.014	16807.000	0.026	16807.000	0.071	16807.000	0.069
16856.000	0.014	16856.000	0.027	16856.000	0.071	16856.000	0.068
16905.000	0.014	16905.000	0.026	16905.000	0.071	16905.000	0.069
16954.000	0.014	16954.000	0.027	16954.000	0.071	16954.000	0.069
17003.000	0.016	17003.000	0.027	17003.000	0.071	17003.000	0.070
17052.000	0.015	17052.000	0.026	17052.000	0.072	17052.000	0.070
17101.000	0.015	17101.000	0.027	17101.000	0.072	17101.000	0.070
17150.000	0.014	17150.000	0.027	17150.000	0.072	17150.000	0.070
17199.000	0.014	17199.000	0.028	17199.000	0.072	17199.000	0.070
17248.000	0.015	17248.000	0.027	17248.000	0.072	17248.000	0.071
17297.000	0.015	17297.000	0.027	17297.000	0.072	17297.000	0.070
17346.000	0.015	17346.000	0.028	17346.000	0.072	17346.000	0.070
17395.000	0.015	17395.000	0.028	17395.000	0.072	17395.000	0.071
17444.000	0.015	17444.000	0.028	17444.000	0.073	17444.000	0.072
17493.000	0.015	17493.000	0.028	17493.000	0.073	17493.000	0.071
17542.000	0.016	17542.000	0.028	17542.000	0.073	17542.000	0.071
17591.000	0.015	17591.000	0.028	17591.000	0.074	17591.000	0.072
17640.000	0.016	17640.000	0.028	17640.000	0.073	17640.000	0.072
17689.000	0.015	17689.000	0.029	17689.000	0.074	17689.000	0.072
17738.000	0.016	17738.000	0.029	17738.000	0.073	17738.000	0.072
17787.000	0.016	17787.000	0.029	17787.000	0.075	17787.000	0.072
17836.000	0.016	17836.000	0.029	17836.000	0.074	17836.000	0.073
17885.000	0.016	17885.000	0.029	17885.000	0.075	17885.000	0.073
17934.000	0.016	17934.000	0.030	17934.000	0.075	17934.000	0.073
17983.000	0.016	17983.000	0.029	17983.000	0.075	17983.000	0.073
							
							
							
