Batch	mads_t002.rre						
Evolution 600	161008						
Sample	Sample001	Sample	Sample002	Sample	Sample003	Sample	Sample004
Data Mode	A	Data Mode	A	Data Mode	A	Data Mode	A
Smoothing	None	Smoothing	None	Smoothing	None	Smoothing	None
Date Collected	4/8/2010	Date Collected	4/8/2010	Date Collected	4/8/2010	Date Collected	4/8/2010
Time Collected	6:43:40PM	Time Collected	6:43:47PM	Time Collected	6:43:54PM	Time Collected	6:44:01PM
							
Substrate Conc.	1.5199 mmol/l	Substrate Conc.	3.0397 mmol/l	Substrate Conc.	4.5596 mmol/l		
ss.sss	Value	ss.sss	Value	ss.sss	Value	ss.sss	Value
0.000	0.000	0.000	0.004	0.000	0.052	0.000	0.012
49.000	0.000	49.000	0.004	49.000	0.051	49.000	0.012
98.000	0.000	98.000	0.004	98.000	0.052	98.000	0.011
147.000	-0.001	147.000	0.004	147.000	0.052	147.000	0.012
196.000	0.000	196.000	0.003	196.000	0.053	196.000	0.013
245.000	0.000	245.000	0.004	245.000	0.052	245.000	0.013
294.000	0.000	294.000	0.003	294.000	0.052	294.000	0.014
343.000	0.001	343.000	0.004	343.000	0.052	343.000	0.012
392.000	0.000	392.000	0.004	392.000	0.053	392.000	0.014
441.000	0.000	441.000	0.005	441.000	0.052	441.000	0.013
490.000	0.000	490.000	0.005	490.000	0.053	490.000	0.013
539.000	0.000	539.000	0.005	539.000	0.052	539.000	0.014
588.000	0.000	588.000	0.005	588.000	0.052	588.000	0.013
637.000	0.001	637.000	0.005	637.000	0.052	637.000	0.014
686.000	0.000	686.000	0.005	686.000	0.052	686.000	0.014
735.000	0.000	735.000	0.006	735.000	0.052	735.000	0.014
784.000	0.000	784.000	0.005	784.000	0.052	784.000	0.014
833.000	0.001	833.000	0.005	833.000	0.053	833.000	0.015
882.000	0.000	882.000	0.006	882.000	0.052	882.000	0.015
931.000	0.001	931.000	0.005	931.000	0.053	931.000	0.015
980.000	0.000	980.000	0.005	980.000	0.053	980.000	0.015
1029.000	0.000	1029.000	0.006	1029.000	0.053	1029.000	0.015
1078.000	0.001	1078.000	0.006	1078.000	0.053	1078.000	0.015
1127.000	0.001	1127.000	0.006	1127.000	0.053	1127.000	0.016
1176.000	0.001	1176.000	0.006	1176.000	0.053	1176.000	0.016
1225.000	0.001	1225.000	0.006	1225.000	0.054	1225.000	0.017
1274.000	0.001	1274.000	0.006	1274.000	0.053	1274.000	0.017
1323.000	0.001	1323.000	0.006	1323.000	0.053	1323.000	0.017
1372.000	0.001	1372.000	0.007	1372.000	0.054	1372.000	0.017
1421.000	0.002	1421.000	0.007	1421.000	0.053	1421.000	0.017
1470.000	0.001	1470.000	0.006	1470.000	0.053	1470.000	0.017
1519.000	0.002	1519.000	0.006	1519.000	0.053	1519.000	0.017
1568.000	0.002	1568.000	0.007	1568.000	0.054	1568.000	0.018
1617.000	0.001	1617.000	0.007	1617.000	0.054	1617.000	0.017
1666.000	0.002	1666.000	0.007	1666.000	0.054	1666.000	0.018
1715.000	0.002	1715.000	0.007	1715.000	0.054	1715.000	0.018
1764.000	0.002	1764.000	0.008	1764.000	0.054	1764.000	0.018
1813.000	0.001	1813.000	0.007	1813.000	0.054	1813.000	0.019
1862.000	0.002	1862.000	0.008	1862.000	0.054	1862.000	0.019
1911.000	0.001	1911.000	0.008	1911.000	0.054	1911.000	0.019
1960.000	0.002	1960.000	0.008	1960.000	0.055	1960.000	0.019
2009.000	0.002	2009.000	0.008	2009.000	0.054	2009.000	0.019
2058.000	0.002	2058.000	0.008	2058.000	0.054	2058.000	0.019
2107.000	0.002	2107.000	0.008	2107.000	0.055	2107.000	0.020
2156.000	0.001	2156.000	0.009	2156.000	0.055	2156.000	0.020
2205.000	0.002	2205.000	0.008	2205.000	0.055	2205.000	0.020
2254.000	0.002	2254.000	0.009	2254.000	0.055	2254.000	0.020
2303.000	0.002	2303.000	0.009	2303.000	0.055	2303.000	0.020
2352.000	0.002	2352.000	0.009	2352.000	0.055	2352.000	0.021
2401.000	0.003	2401.000	0.009	2401.000	0.055	2401.000	0.021
2450.000	0.002	2450.000	0.009	2450.000	0.055	2450.000	0.021
2499.000	0.002	2499.000	0.010	2499.000	0.055	2499.000	0.022
2548.000	0.002	2548.000	0.010	2548.000	0.055	2548.000	0.022
2597.000	0.003	2597.000	0.009	2597.000	0.056	2597.000	0.021
2646.000	0.003	2646.000	0.010	2646.000	0.055	2646.000	0.021
2695.000	0.003	2695.000	0.010	2695.000	0.055	2695.000	0.022
2744.000	0.003	2744.000	0.010	2744.000	0.055	2744.000	0.022
2793.000	0.002	2793.000	0.011	2793.000	0.055	2793.000	0.023
2842.000	0.003	2842.000	0.010	2842.000	0.055	2842.000	0.023
2891.000	0.003	2891.000	0.011	2891.000	0.056	2891.000	0.023
2940.000	0.003	2940.000	0.011	2940.000	0.055	2940.000	0.023
2989.000	0.003	2989.000	0.011	2989.000	0.056	2989.000	0.024
3038.000	0.003	3038.000	0.011	3038.000	0.056	3038.000	0.023
3087.000	0.003	3087.000	0.011	3087.000	0.056	3087.000	0.024
3136.000	0.003	3136.000	0.012	3136.000	0.056	3136.000	0.024
3185.000	0.003	3185.000	0.011	3185.000	0.056	3185.000	0.024
3234.000	0.003	3234.000	0.011	3234.000	0.056	3234.000	0.024
3283.000	0.003	3283.000	0.011	3283.000	0.056	3283.000	0.024
3332.000	0.003	3332.000	0.011	3332.000	0.056	3332.000	0.024
3381.000	0.003	3381.000	0.012	3381.000	0.056	3381.000	0.025
3430.000	0.004	3430.000	0.012	3430.000	0.056	3430.000	0.025
3479.000	0.003	3479.000	0.012	3479.000	0.056	3479.000	0.025
3528.000	0.004	3528.000	0.012	3528.000	0.056	3528.000	0.025
3577.000	0.004	3577.000	0.013	3577.000	0.056	3577.000	0.025
3626.000	0.004	3626.000	0.013	3626.000	0.056	3626.000	0.025
3675.000	0.004	3675.000	0.013	3675.000	0.057	3675.000	0.026
3724.000	0.004	3724.000	0.013	3724.000	0.056	3724.000	0.025
3773.000	0.004	3773.000	0.013	3773.000	0.057	3773.000	0.027
3822.000	0.004	3822.000	0.013	3822.000	0.057	3822.000	0.026
3871.000	0.005	3871.000	0.013	3871.000	0.056	3871.000	0.026
3920.000	0.004	3920.000	0.013	3920.000	0.057	3920.000	0.027
3969.000	0.005	3969.000	0.014	3969.000	0.057	3969.000	0.027
4018.000	0.004	4018.000	0.013	4018.000	0.057	4018.000	0.027
4067.000	0.004	4067.000	0.014	4067.000	0.056	4067.000	0.027
4116.000	0.005	4116.000	0.014	4116.000	0.057	4116.000	0.027
4165.000	0.005	4165.000	0.014	4165.000	0.057	4165.000	0.027
4214.000	0.005	4214.000	0.014	4214.000	0.058	4214.000	0.028
4263.000	0.004	4263.000	0.014	4263.000	0.056	4263.000	0.028
4312.000	0.004	4312.000	0.015	4312.000	0.057	4312.000	0.028
4361.000	0.004	4361.000	0.015	4361.000	0.057	4361.000	0.029
4410.000	0.005	4410.000	0.015	4410.000	0.058	4410.000	0.028
4459.000	0.005	4459.000	0.015	4459.000	0.058	4459.000	0.029
4508.000	0.005	4508.000	0.015	4508.000	0.057	4508.000	0.029
4557.000	0.005	4557.000	0.015	4557.000	0.057	4557.000	0.029
4606.000	0.005	4606.000	0.016	4606.000	0.057	4606.000	0.029
4655.000	0.005	4655.000	0.016	4655.000	0.058	4655.000	0.029
4704.000	0.006	4704.000	0.016	4704.000	0.057	4704.000	0.029
4753.000	0.006	4753.000	0.016	4753.000	0.058	4753.000	0.030
4802.000	0.005	4802.000	0.016	4802.000	0.058	4802.000	0.030
4851.000	0.005	4851.000	0.016	4851.000	0.058	4851.000	0.030
4900.000	0.005	4900.000	0.017	4900.000	0.058	4900.000	0.031
4949.000	0.005	4949.000	0.017	4949.000	0.059	4949.000	0.030
4998.000	0.005	4998.000	0.016	4998.000	0.058	4998.000	0.031
5047.000	0.006	5047.000	0.017	5047.000	0.059	5047.000	0.031
5096.000	0.006	5096.000	0.017	5096.000	0.059	5096.000	0.031
5145.000	0.006	5145.000	0.017	5145.000	0.059	5145.000	0.032
5194.000	0.006	5194.000	0.017	5194.000	0.059	5194.000	0.033
5243.000	0.006	5243.000	0.017	5243.000	0.058	5243.000	0.032
5292.000	0.006	5292.000	0.018	5292.000	0.059	5292.000	0.033
5341.000	0.006	5341.000	0.018	5341.000	0.059	5341.000	0.033
5390.000	0.006	5390.000	0.018	5390.000	0.059	5390.000	0.033
5439.000	0.007	5439.000	0.018	5439.000	0.060	5439.000	0.034
5488.000	0.006	5488.000	0.018	5488.000	0.060	5488.000	0.033
5537.000	0.006	5537.000	0.019	5537.000	0.060	5537.000	0.034
5586.000	0.007	5586.000	0.018	5586.000	0.060	5586.000	0.034
5635.000	0.007	5635.000	0.019	5635.000	0.061	5635.000	0.034
5684.000	0.007	5684.000	0.018	5684.000	0.060	5684.000	0.034
5733.000	0.007	5733.000	0.018	5733.000	0.060	5733.000	0.035
5782.000	0.007	5782.000	0.019	5782.000	0.061	5782.000	0.035
5831.000	0.007	5831.000	0.019	5831.000	0.060	5831.000	0.035
5880.000	0.007	5880.000	0.019	5880.000	0.061	5880.000	0.035
5929.000	0.007	5929.000	0.020	5929.000	0.060	5929.000	0.035
5978.000	0.007	5978.000	0.020	5978.000	0.061	5978.000	0.036
6027.000	0.007	6027.000	0.020	6027.000	0.061	6027.000	0.036
6076.000	0.008	6076.000	0.020	6076.000	0.061	6076.000	0.035
6125.000	0.007	6125.000	0.020	6125.000	0.062	6125.000	0.036
6174.000	0.008	6174.000	0.020	6174.000	0.061	6174.000	0.037
6223.000	0.008	6223.000	0.021	6223.000	0.061	6223.000	0.037
6272.000	0.007	6272.000	0.020	6272.000	0.061	6272.000	0.037
6321.000	0.007	6321.000	0.020	6321.000	0.062	6321.000	0.037
6370.000	0.008	6370.000	0.021	6370.000	0.062	6370.000	0.038
6419.000	0.008	6419.000	0.021	6419.000	0.062	6419.000	0.038
6468.000	0.008	6468.000	0.021	6468.000	0.061	6468.000	0.038
6517.000	0.008	6517.000	0.021	6517.000	0.061	6517.000	0.038
6566.000	0.009	6566.000	0.021	6566.000	0.062	6566.000	0.039
6615.000	0.008	6615.000	0.022	6615.000	0.062	6615.000	0.039
6664.000	0.008	6664.000	0.021	6664.000	0.063	6664.000	0.039
6713.000	0.009	6713.000	0.022	6713.000	0.063	6713.000	0.039
6762.000	0.008	6762.000	0.022	6762.000	0.063	6762.000	0.039
6811.000	0.008	6811.000	0.022	6811.000	0.063	6811.000	0.040
6860.000	0.009	6860.000	0.022	6860.000	0.063	6860.000	0.039
6909.000	0.009	6909.000	0.022	6909.000	0.063	6909.000	0.040
6958.000	0.009	6958.000	0.022	6958.000	0.063	6958.000	0.040
7007.000	0.009	7007.000	0.022	7007.000	0.062	7007.000	0.040
7056.000	0.009	7056.000	0.022	7056.000	0.063	7056.000	0.041
7105.000	0.009	7105.000	0.023	7105.000	0.063	7105.000	0.041
7154.000	0.009	7154.000	0.022	7154.000	0.063	7154.000	0.041
7203.000	0.009	7203.000	0.023	7203.000	0.064	7203.000	0.041
7252.000	0.009	7252.000	0.023	7252.000	0.064	7252.000	0.041
7301.000	0.009	7301.000	0.024	7301.000	0.064	7301.000	0.042
7350.000	0.009	7350.000	0.023	7350.000	0.063	7350.000	0.042
7399.000	0.009	7399.000	0.023	7399.000	0.064	7399.000	0.042
7448.000	0.010	7448.000	0.024	7448.000	0.064	7448.000	0.042
7497.000	0.009	7497.000	0.024	7497.000	0.064	7497.000	0.043
7546.000	0.009	7546.000	0.024	7546.000	0.064	7546.000	0.042
7595.000	0.009	7595.000	0.024	7595.000	0.064	7595.000	0.043
7644.000	0.010	7644.000	0.025	7644.000	0.065	7644.000	0.044
7693.000	0.010	7693.000	0.024	7693.000	0.065	7693.000	0.045
7742.000	0.010	7742.000	0.024	7742.000	0.065	7742.000	0.044
7791.000	0.010	7791.000	0.025	7791.000	0.064	7791.000	0.044
7840.000	0.010	7840.000	0.025	7840.000	0.065	7840.000	0.044
7889.000	0.010	7889.000	0.025	7889.000	0.065	7889.000	0.045
7938.000	0.010	7938.000	0.025	7938.000	0.065	7938.000	0.045
7987.000	0.010	7987.000	0.025	7987.000	0.065	7987.000	0.045
8036.000	0.011	8036.000	0.026	8036.000	0.065	8036.000	0.045
8085.000	0.010	8085.000	0.025	8085.000	0.066	8085.000	0.046
8134.000	0.010	8134.000	0.025	8134.000	0.065	8134.000	0.046
8183.000	0.010	8183.000	0.026	8183.000	0.065	8183.000	0.046
8232.000	0.010	8232.000	0.026	8232.000	0.065	8232.000	0.047
8281.000	0.011	8281.000	0.026	8281.000	0.066	8281.000	0.046
8330.000	0.011	8330.000	0.026	8330.000	0.066	8330.000	0.047
8379.000	0.011	8379.000	0.027	8379.000	0.066	8379.000	0.047
8428.000	0.011	8428.000	0.027	8428.000	0.066	8428.000	0.047
8477.000	0.011	8477.000	0.027	8477.000	0.066	8477.000	0.047
8526.000	0.011	8526.000	0.028	8526.000	0.066	8526.000	0.048
8575.000	0.011	8575.000	0.027	8575.000	0.066	8575.000	0.048
8624.000	0.011	8624.000	0.027	8624.000	0.066	8624.000	0.049
8673.000	0.011	8673.000	0.027	8673.000	0.067	8673.000	0.049
8722.000	0.012	8722.000	0.028	8722.000	0.067	8722.000	0.049
8771.000	0.011	8771.000	0.028	8771.000	0.067	8771.000	0.050
8820.000	0.012	8820.000	0.028	8820.000	0.067	8820.000	0.050
8869.000	0.012	8869.000	0.028	8869.000	0.067	8869.000	0.050
8918.000	0.012	8918.000	0.028	8918.000	0.067	8918.000	0.050
8967.000	0.012	8967.000	0.028	8967.000	0.067	8967.000	0.050
9016.000	0.012	9016.000	0.028	9016.000	0.067	9016.000	0.051
9065.000	0.012	9065.000	0.028	9065.000	0.068	9065.000	0.051
9114.000	0.013	9114.000	0.030	9114.000	0.068	9114.000	0.051
9163.000	0.012	9163.000	0.029	9163.000	0.067	9163.000	0.051
9212.000	0.013	9212.000	0.029	9212.000	0.068	9212.000	0.051
9261.000	0.012	9261.000	0.029	9261.000	0.069	9261.000	0.052
9310.000	0.013	9310.000	0.029	9310.000	0.069	9310.000	0.052
9359.000	0.013	9359.000	0.030	9359.000	0.068	9359.000	0.052
9408.000	0.013	9408.000	0.030	9408.000	0.069	9408.000	0.053
9457.000	0.013	9457.000	0.030	9457.000	0.069	9457.000	0.052
9506.000	0.013	9506.000	0.030	9506.000	0.069	9506.000	0.053
9555.000	0.013	9555.000	0.030	9555.000	0.068	9555.000	0.053
9604.000	0.014	9604.000	0.031	9604.000	0.069	9604.000	0.054
9653.000	0.014	9653.000	0.030	9653.000	0.069	9653.000	0.054
9702.000	0.013	9702.000	0.030	9702.000	0.069	9702.000	0.054
9751.000	0.014	9751.000	0.030	9751.000	0.070	9751.000	0.054
9800.000	0.014	9800.000	0.031	9800.000	0.070	9800.000	0.054
9849.000	0.013	9849.000	0.031	9849.000	0.070	9849.000	0.055
9898.000	0.013	9898.000	0.031	9898.000	0.070	9898.000	0.055
9947.000	0.014	9947.000	0.032	9947.000	0.070	9947.000	0.055
9996.000	0.014	9996.000	0.032	9996.000	0.071	9996.000	0.056
10045.000	0.013	10045.000	0.032	10045.000	0.071	10045.000	0.055
10094.000	0.014	10094.000	0.033	10094.000	0.070	10094.000	0.056
10143.000	0.014	10143.000	0.032	10143.000	0.070	10143.000	0.055
10192.000	0.014	10192.000	0.032	10192.000	0.071	10192.000	0.056
10241.000	0.014	10241.000	0.034	10241.000	0.070	10241.000	0.056
10290.000	0.014	10290.000	0.032	10290.000	0.071	10290.000	0.057
10339.000	0.014	10339.000	0.033	10339.000	0.071	10339.000	0.057
10388.000	0.014	10388.000	0.034	10388.000	0.071	10388.000	0.058
10437.000	0.014	10437.000	0.033	10437.000	0.071	10437.000	0.057
10486.000	0.014	10486.000	0.034	10486.000	0.071	10486.000	0.058
10535.000	0.014	10535.000	0.033	10535.000	0.071	10535.000	0.058
10584.000	0.014	10584.000	0.033	10584.000	0.072	10584.000	0.058
10633.000	0.015	10633.000	0.034	10633.000	0.072	10633.000	0.058
10682.000	0.014	10682.000	0.034	10682.000	0.072	10682.000	0.058
10731.000	0.014	10731.000	0.034	10731.000	0.072	10731.000	0.059
10780.000	0.015	10780.000	0.034	10780.000	0.072	10780.000	0.059
10829.000	0.014	10829.000	0.035	10829.000	0.073	10829.000	0.059
10878.000	0.015	10878.000	0.035	10878.000	0.072	10878.000	0.060
10927.000	0.015	10927.000	0.035	10927.000	0.072	10927.000	0.060
10976.000	0.015	10976.000	0.035	10976.000	0.073	10976.000	0.059
11025.000	0.015	11025.000	0.035	11025.000	0.073	11025.000	0.060
11074.000	0.016	11074.000	0.035	11074.000	0.073	11074.000	0.060
11123.000	0.016	11123.000	0.035	11123.000	0.073	11123.000	0.061
11172.000	0.016	11172.000	0.036	11172.000	0.073	11172.000	0.061
11221.000	0.016	11221.000	0.036	11221.000	0.074	11221.000	0.061
11270.000	0.016	11270.000	0.036	11270.000	0.073	11270.000	0.061
11319.000	0.016	11319.000	0.036	11319.000	0.074	11319.000	0.062
11368.000	0.016	11368.000	0.036	11368.000	0.074	11368.000	0.061
11417.000	0.016	11417.000	0.036	11417.000	0.074	11417.000	0.063
11466.000	0.016	11466.000	0.036	11466.000	0.074	11466.000	0.063
11515.000	0.016	11515.000	0.036	11515.000	0.074	11515.000	0.063
11564.000	0.016	11564.000	0.037	11564.000	0.074	11564.000	0.063
11613.000	0.017	11613.000	0.037	11613.000	0.074	11613.000	0.063
11662.000	0.016	11662.000	0.037	11662.000	0.074	11662.000	0.063
11711.000	0.017	11711.000	0.037	11711.000	0.075	11711.000	0.064
11760.000	0.016	11760.000	0.037	11760.000	0.075	11760.000	0.063
11809.000	0.016	11809.000	0.037	11809.000	0.075	11809.000	0.064
11858.000	0.016	11858.000	0.037	11858.000	0.075	11858.000	0.065
11907.000	0.017	11907.000	0.037	11907.000	0.075	11907.000	0.064
11956.000	0.016	11956.000	0.038	11956.000	0.075	11956.000	0.064
12005.000	0.016	12005.000	0.038	12005.000	0.076	12005.000	0.065
12054.000	0.017	12054.000	0.038	12054.000	0.076	12054.000	0.065
12103.000	0.018	12103.000	0.039	12103.000	0.076	12103.000	0.065
12152.000	0.017	12152.000	0.039	12152.000	0.077	12152.000	0.066
12201.000	0.017	12201.000	0.039	12201.000	0.076	12201.000	0.066
12250.000	0.018	12250.000	0.039	12250.000	0.076	12250.000	0.066
12299.000	0.017	12299.000	0.039	12299.000	0.076	12299.000	0.066
12348.000	0.017	12348.000	0.039	12348.000	0.077	12348.000	0.066
12397.000	0.018	12397.000	0.039	12397.000	0.077	12397.000	0.067
12446.000	0.018	12446.000	0.040	12446.000	0.076	12446.000	0.067
12495.000	0.018	12495.000	0.039	12495.000	0.076	12495.000	0.067
12544.000	0.018	12544.000	0.040	12544.000	0.076	12544.000	0.068
12593.000	0.018	12593.000	0.040	12593.000	0.077	12593.000	0.068
12642.000	0.018	12642.000	0.040	12642.000	0.077	12642.000	0.068
12691.000	0.018	12691.000	0.040	12691.000	0.077	12691.000	0.068
12740.000	0.018	12740.000	0.040	12740.000	0.078	12740.000	0.068
12789.000	0.018	12789.000	0.041	12789.000	0.078	12789.000	0.069
12838.000	0.018	12838.000	0.041	12838.000	0.078	12838.000	0.069
12887.000	0.019	12887.000	0.041	12887.000	0.078	12887.000	0.070
12936.000	0.018	12936.000	0.041	12936.000	0.078	12936.000	0.070
12985.000	0.019	12985.000	0.041	12985.000	0.079	12985.000	0.070
13034.000	0.019	13034.000	0.042	13034.000	0.079	13034.000	0.070
13083.000	0.019	13083.000	0.041	13083.000	0.079	13083.000	0.070
13132.000	0.018	13132.000	0.041	13132.000	0.079	13132.000	0.071
13181.000	0.019	13181.000	0.041	13181.000	0.079	13181.000	0.071
13230.000	0.019	13230.000	0.042	13230.000	0.079	13230.000	0.071
13279.000	0.019	13279.000	0.041	13279.000	0.079	13279.000	0.071
13328.000	0.019	13328.000	0.042	13328.000	0.080	13328.000	0.070
13377.000	0.019	13377.000	0.042	13377.000	0.080	13377.000	0.071
13426.000	0.020	13426.000	0.042	13426.000	0.079	13426.000	0.072
13475.000	0.019	13475.000	0.042	13475.000	0.080	13475.000	0.072
13524.000	0.019	13524.000	0.043	13524.000	0.080	13524.000	0.073
13573.000	0.019	13573.000	0.043	13573.000	0.080	13573.000	0.072
13622.000	0.020	13622.000	0.043	13622.000	0.080	13622.000	0.072
13671.000	0.019	13671.000	0.043	13671.000	0.081	13671.000	0.073
13720.000	0.020	13720.000	0.043	13720.000	0.080	13720.000	0.074
13769.000	0.020	13769.000	0.043	13769.000	0.081	13769.000	0.073
13818.000	0.020	13818.000	0.043	13818.000	0.081	13818.000	0.073
13867.000	0.020	13867.000	0.044	13867.000	0.081	13867.000	0.074
13916.000	0.020	13916.000	0.044	13916.000	0.082	13916.000	0.074
13965.000	0.020	13965.000	0.044	13965.000	0.081	13965.000	0.074
14014.000	0.021	14014.000	0.044	14014.000	0.082	14014.000	0.074
14063.000	0.020	14063.000	0.044	14063.000	0.082	14063.000	0.074
14112.000	0.020	14112.000	0.044	14112.000	0.082	14112.000	0.076
14161.000	0.020	14161.000	0.044	14161.000	0.082	14161.000	0.075
14210.000	0.021	14210.000	0.045	14210.000	0.083	14210.000	0.076
14259.000	0.020	14259.000	0.045	14259.000	0.082	14259.000	0.076
14308.000	0.021	14308.000	0.045	14308.000	0.083	14308.000	0.076
14357.000	0.021	14357.000	0.046	14357.000	0.083	14357.000	0.077
14406.000	0.021	14406.000	0.045	14406.000	0.083	14406.000	0.076
14455.000	0.022	14455.000	0.045	14455.000	0.083	14455.000	0.076
14504.000	0.022	14504.000	0.046	14504.000	0.084	14504.000	0.077
14553.000	0.022	14553.000	0.046	14553.000	0.083	14553.000	0.076
14602.000	0.022	14602.000	0.046	14602.000	0.083	14602.000	0.077
14651.000	0.022	14651.000	0.047	14651.000	0.084	14651.000	0.078
14700.000	0.022	14700.000	0.046	14700.000	0.084	14700.000	0.078
14749.000	0.022	14749.000	0.047	14749.000	0.084	14749.000	0.078
14798.000	0.022	14798.000	0.046	14798.000	0.084	14798.000	0.078
14847.000	0.022	14847.000	0.047	14847.000	0.084	14847.000	0.078
14896.000	0.023	14896.000	0.048	14896.000	0.085	14896.000	0.078
14945.000	0.023	14945.000	0.047	14945.000	0.084	14945.000	0.079
14994.000	0.022	14994.000	0.047	14994.000	0.084	14994.000	0.079
15043.000	0.022	15043.000	0.048	15043.000	0.085	15043.000	0.080
15092.000	0.023	15092.000	0.047	15092.000	0.085	15092.000	0.080
15141.000	0.023	15141.000	0.047	15141.000	0.085	15141.000	0.079
15190.000	0.023	15190.000	0.048	15190.000	0.085	15190.000	0.080
15239.000	0.023	15239.000	0.048	15239.000	0.085	15239.000	0.081
15288.000	0.023	15288.000	0.048	15288.000	0.086	15288.000	0.081
15337.000	0.024	15337.000	0.048	15337.000	0.085	15337.000	0.081
15386.000	0.023	15386.000	0.048	15386.000	0.086	15386.000	0.081
15435.000	0.024	15435.000	0.049	15435.000	0.086	15435.000	0.081
15484.000	0.024	15484.000	0.049	15484.000	0.085	15484.000	0.081
15533.000	0.023	15533.000	0.049	15533.000	0.086	15533.000	0.081
15582.000	0.023	15582.000	0.049	15582.000	0.086	15582.000	0.081
15631.000	0.023	15631.000	0.049	15631.000	0.087	15631.000	0.082
15680.000	0.024	15680.000	0.049	15680.000	0.087	15680.000	0.083
15729.000	0.024	15729.000	0.050	15729.000	0.087	15729.000	0.083
15778.000	0.023	15778.000	0.049	15778.000	0.086	15778.000	0.083
15827.000	0.023	15827.000	0.050	15827.000	0.088	15827.000	0.083
15876.000	0.024	15876.000	0.049	15876.000	0.087	15876.000	0.083
15925.000	0.024	15925.000	0.050	15925.000	0.087	15925.000	0.083
15974.000	0.025	15974.000	0.050	15974.000	0.088	15974.000	0.084
16023.000	0.025	16023.000	0.051	16023.000	0.088	16023.000	0.084
16072.000	0.024	16072.000	0.051	16072.000	0.088	16072.000	0.084
16121.000	0.024	16121.000	0.051	16121.000	0.089	16121.000	0.085
16170.000	0.025	16170.000	0.051	16170.000	0.087	16170.000	0.084
16219.000	0.024	16219.000	0.051	16219.000	0.088	16219.000	0.086
16268.000	0.025	16268.000	0.052	16268.000	0.089	16268.000	0.085
16317.000	0.025	16317.000	0.051	16317.000	0.089	16317.000	0.085
16366.000	0.025	16366.000	0.051	16366.000	0.089	16366.000	0.086
16415.000	0.025	16415.000	0.052	16415.000	0.089	16415.000	0.085
16464.000	0.025	16464.000	0.052	16464.000	0.089	16464.000	0.086
16513.000	0.025	16513.000	0.052	16513.000	0.089	16513.000	0.086
16562.000	0.025	16562.000	0.052	16562.000	0.090	16562.000	0.086
16611.000	0.025	16611.000	0.052	16611.000	0.090	16611.000	0.086
16660.000	0.025	16660.000	0.052	16660.000	0.090	16660.000	0.087
16709.000	0.025	16709.000	0.053	16709.000	0.089	16709.000	0.087
16758.000	0.026	16758.000	0.053	16758.000	0.090	16758.000	0.088
16807.000	0.025	16807.000	0.053	16807.000	0.090	16807.000	0.088
16856.000	0.026	16856.000	0.053	16856.000	0.091	16856.000	0.087
16905.000	0.027	16905.000	0.053	16905.000	0.090	16905.000	0.089
16954.000	0.026	16954.000	0.053	16954.000	0.091	16954.000	0.088
17003.000	0.026	17003.000	0.053	17003.000	0.091	17003.000	0.088
17052.000	0.025	17052.000	0.054	17052.000	0.091	17052.000	0.089
17101.000	0.026	17101.000	0.054	17101.000	0.091	17101.000	0.089
17150.000	0.026	17150.000	0.053	17150.000	0.092	17150.000	0.090
17199.000	0.027	17199.000	0.054	17199.000	0.091	17199.000	0.090
17248.000	0.026	17248.000	0.054	17248.000	0.092	17248.000	0.089
17297.000	0.027	17297.000	0.054	17297.000	0.092	17297.000	0.090
17346.000	0.027	17346.000	0.055	17346.000	0.092	17346.000	0.090
17395.000	0.026	17395.000	0.055	17395.000	0.092	17395.000	0.089
17444.000	0.027	17444.000	0.055	17444.000	0.092	17444.000	0.091
17493.000	0.027	17493.000	0.054	17493.000	0.093	17493.000	0.091
17542.000	0.027	17542.000	0.054	17542.000	0.093	17542.000	0.091
17591.000	0.027	17591.000	0.055	17591.000	0.094	17591.000	0.092
17640.000	0.027	17640.000	0.055	17640.000	0.093	17640.000	0.091
17689.000	0.027	17689.000	0.055	17689.000	0.093	17689.000	0.092
17738.000	0.027	17738.000	0.055	17738.000	0.093	17738.000	0.091
17787.000	0.027	17787.000	0.056	17787.000	0.093	17787.000	0.092
17836.000	0.027	17836.000	0.055	17836.000	0.094	17836.000	0.092
17885.000	0.028	17885.000	0.056	17885.000	0.094	17885.000	0.092
17934.000	0.028	17934.000	0.056	17934.000	0.094	17934.000	0.093
17983.000	0.028	17983.000	0.056	17983.000	0.094	17983.000	0.093
							
							
							
