$coord
          1.184441015663         -8.647916230754         -0.948986014630     c 
          8.881646172778         -3.288063307936          0.488418432039     c 
          7.246278348393          4.511024768147         -2.971519286562     c 
         -1.428344592510          7.996654590562         -0.141007082579     c 
         -9.174544888607          2.488627478248          0.827677694049     c 
         -7.571678211758         -4.970026191413         -3.284204520995     c 
          3.109632306006         -6.840244542254         -1.332038000461     o 
         10.986168171512         -2.022758316750         -0.594282555906     o 
          4.866588295196          3.581122449971         -2.137121701337     o 
         -3.397430229334          6.299009463105         -0.755433505967     o 
        -11.305560626131          1.315157957279         -0.305163903490     o 
         -5.194898132622         -4.108533952309         -2.367719354380     o 
         -0.333325805988         -9.194611258995         -3.413943745995     c 
          8.871179265715         -6.087145939151         -0.372198564050     c 
          8.231480391845          2.775150932223         -5.118074097326     c 
          0.089772662000          8.841217300040         -2.525953651523     c 
         -9.185533759519          5.353152225022          0.220017975640     c 
         -8.579462551735         -3.055306443251         -5.262871977530     c 
          1.293078517584         -9.840852902107         -5.428332920239     o 
          8.257022144149         -6.243972438460         -2.971641851919     o 
          6.467443197389          2.728701404138         -7.127648691858     o 
         -1.571904652328          9.745912190747         -4.406944586961     o 
         -8.613472380503          5.746602528612         -2.365077872961     o 
         -6.832756692720         -2.813466512714         -7.273646338280     o 
         -1.964097799100         -6.880603383260         -4.094620907369     c 
          6.938824581389         -7.598220980811          1.224328082994     c 
          8.631794095423          0.135854010053         -3.966280905948     c 
          1.694138856609          6.610096146422         -3.498519229832     c 
         -7.223439974537          6.713093839293          1.911956951438     c 
         -8.990473098750         -0.529546876599         -3.885101456741     c 
         -3.428493794877         -7.315690180451         -6.283145831512     o 
          7.719836949532         -7.890774062173          3.773527749851     o 
          9.505969938504         -1.630237711084         -5.758812312532     o 
          3.194738489330          7.266425865881         -5.605056858074     o 
         -7.936577564387          6.717989078367          4.498179995490     o 
         -9.894440446099          1.374538678967         -5.515755759044     o 
         -3.585106202031         -6.166147089351         -1.780104484082     c 
          4.320283522954         -6.291421859473          1.018649835596     c 
         10.425720330084          0.353205516239         -1.676459927435     c 
          3.296476537937          5.575804904202         -1.292514852963     c 
         -4.602359142757          5.460773696511          1.511138735440     c 
        -10.761123518422         -0.954473083367         -1.605354360654     c 
         -1.797275069983         -5.638758476130          0.459923121224     c 
          4.481629453616         -3.397277036621          1.461610328267     c 
          9.363765701686          2.293355734334          0.236469878543     c 
          1.500409155526          4.782982431256          0.856319333714     c 
         -4.733838072709          2.534753489218          1.635093111900     c 
         -9.681702257576         -3.061069532920          0.119526869503     c 
         -0.455840140977         -7.902542091094          1.064942423641     o 
          6.464002492284         -2.203776456116          0.059547431989     o 
          9.025767474967          4.687729079099         -0.956365509735     o 
          0.194417362152          6.964754441073          1.762505463103     o 
         -6.773318270328          1.455805296698          0.224080952383     o 
         -9.343983246937         -5.337869364606         -1.285768012216     o 
         -3.156079265197         -4.621193946807          2.777558513191     c 
          4.526901129312         -2.701949659364          4.237968060079     c 
         11.046466835517          2.602836235631          2.551258484917     c 
          2.860945259061          3.373114150257          2.962366634575     c 
         -4.610329968261          1.590141435216          4.329969090320     c 
        -11.282403863877         -3.552263009941          2.470640794164     c 
         -4.895792659911         -6.375423074302          3.719920762468     o 
          2.305302673059         -1.774344844486          5.132478066423     o 
         13.356642287501          3.712847810581          1.897251237893     o 
          4.748820517911          4.848188777991          4.096686414114     o 
         -2.280904483122          0.749187224712          5.012802418985     o 
        -10.428782632874         -5.634182394761          3.884882922596     o 
          2.133916743323        -10.393535299873         -0.334674422329     h 
          9.169263273142         -3.164186397768          2.542540730681     h 
          6.976293575427          6.439947630592         -3.695133517264     h 
         -2.344177957874          9.665991112505          0.698216197159     h 
         -9.396060736623          2.180398269003          2.870251030061     h 
         -7.291305258091         -6.820186357970         -4.187713039861     h 
         -1.594023992830        -10.819383277354         -3.093942516729     h 
         10.786083019894         -6.873330964940         -0.164238343122     h 
         10.037940967645          3.494989337410         -5.854556464501     h 
          1.366001770938         10.401019752247         -2.008455890943     h 
        -11.096946238771          6.112463944123          0.532573913323     h 
        -10.386108678593         -3.721280900657         -6.048197396275     h 
          0.374292923131         -9.864505076616         -7.017674394021     h 
          6.413371518081         -6.369126991209         -3.081573853344     h 
          6.877350823805          1.386530043071         -8.306085330651     h 
         -0.660396775742         10.284424375681         -5.935996532806     h 
         -6.774056124218          5.916840546965         -2.490080055405     h 
         -7.269805682882         -1.382349914847         -8.331735629192     h 
         -0.673270666430         -5.308048883469         -4.529060858171     h 
          6.796739383699         -9.519997235142          0.441038844337     h 
          6.763023683406         -0.507130447744         -3.309767747957     h 
          0.373244321572          5.132960244550         -4.133207974205     h 
         -7.116996345988          8.708562024188          1.334027540790     h 
         -7.118464805347          0.068375268242         -3.197290392826     h 
         -4.416761530720         -5.799918201701         -6.718736313235     h 
          7.431476459136         -6.284506997334          4.653753559630     h 
          9.418935503578         -3.318543522070         -4.999375960524     h 
          4.116783480076          5.777000381876         -6.238111116302     h 
         -7.577892132591          5.038770798466          5.200342441775     h 
         -9.803980964904          2.996408624210         -4.624047054478     h 
         -4.794650448887         -7.765907791654         -1.241803900833     h 
          3.115997811017         -7.080314976309          2.523866117565     h 
         12.258605116554          1.058121113519         -2.356810007860     h 
          4.535289095189          7.066284613213         -0.542445870406     h 
         -3.393528981196          6.075712897414          3.092836193490     h 
        -12.594998520911         -1.596954857244         -2.341957409697     h 
         -0.388240735628         -4.262592546021         -0.186485712179     h 
          2.770476154247         -2.544422208543          0.652287279691     h 
          7.468069828435          1.660497678415          0.797881258163     h 
          0.062461588769          3.545928830729          0.018760087877     h 
         -3.065133537106          1.785249571382          0.654695756579     h 
         -7.774474255753         -2.485720079506          0.699197418272     h 
         -4.192788010770         -2.890299976420          2.321032322704     h 
         -1.795766604937         -4.151895849228          4.270765165344     h 
         10.121082606233          3.790944519045          3.978485493689     h 
         11.466972693800          0.769641097012          3.418191895850     h 
          3.786111897741          1.688452326731          2.195204292792     h 
          1.516692147920          2.726501411266          4.405766840586     h 
        -11.340924714717         -1.888201607340          3.706006109749     h 
        -13.230311783995         -3.981225306242          1.914531430168     h 
         -4.047116271398         -7.966172086079          4.069526434677     h 
         13.080778011701          5.314136974064          1.039295197794     h 
          4.009241057524          5.930806429022          5.411226245625     h 
         -8.576357946485         -5.813571411213          3.816685217917     h 
         -2.190016145441          0.160268099389          7.607410082021     c 
         -2.874958968003         -1.774484991853          7.868734047453     h 
         -3.486208541161          1.443958094685          8.589752660007     h 
         -6.441555899813          1.719589190964          5.690281459751     o 
          2.486120283022         -1.254945848202          7.740141456381     c 
          4.337237475208         -0.387759886356          8.073592761148     h 
          2.432997673974         -3.055590162737          8.758692947237     h 
          6.418967598116         -3.030219524928          5.476094176269     o 
          0.434500065441          0.493240335762          8.641797240116     c 
          0.885581909548          2.152418393035         10.123828875791     o 
          0.939242839346         11.594556222427         -8.930855004049     o 
          2.061284029665         13.003945411600         -9.063563586992     h 
          0.656404102474         10.990218433422        -10.609589361417     h 
          2.253898103445          7.191679583510          8.253487576923     o 
          1.760557169256          5.593894471958          9.027302280336     h 
          1.543499605973          8.506417033680          9.260552759202     h 
$end
