Batch	rate044.rre						
Evolution 600	161008						
Sample	Sample001	Sample	Sample002	Sample	Sample003	Sample	Sample004
Data Mode	A	Data Mode	A	Data Mode	A	Data Mode	A
Smoothing	None	Smoothing	None	Smoothing	None	Smoothing	None
Date Collected	4/30/2010	Date Collected	4/30/2010	Date Collected	4/30/2010	Date Collected	4/30/2010
Time Collected	9:05:12PM	Time Collected	9:05:20PM	Time Collected	9:05:27PM	Time Collected	9:05:35PM
							
Substrate Conc.	1.5286 mmol/L	Substrate Conc.	3.0571 mmol/L	Substrate Conc.	4.5857 mmol/L	Substrate Conc.	6.1142 mmol/L
ss.sss	Value	ss.sss	Value	ss.sss	Value	ss.sss	Value
0.000	0.000	0.000	0.001	0.000	0.001	0.000	0.010
60.000	0.001	60.000	0.003	60.000	0.004	60.000	0.015
120.000	0.003	120.000	0.006	120.000	0.008	120.000	0.020
180.000	0.004	180.000	0.009	180.000	0.013	180.000	0.026
240.000	0.006	240.000	0.013	240.000	0.017	240.000	0.032
300.000	0.007	300.000	0.015	300.000	0.021	300.000	0.038
360.000	0.010	360.000	0.019	360.000	0.026	360.000	0.045
420.000	0.012	420.000	0.022	420.000	0.031	420.000	0.049
480.000	0.013	480.000	0.026	480.000	0.035	480.000	0.057
540.000	0.017	540.000	0.030	540.000	0.040	540.000	0.065
600.000	0.019	600.000	0.035	600.000	0.044	600.000	0.069
660.000	0.023	660.000	0.041	660.000	0.052	660.000	0.077
720.000	0.019	720.000	0.041	720.000	0.057	720.000	0.086
780.000	0.022	780.000	0.047	780.000	0.060	780.000	0.089
840.000	0.024	840.000	0.049	840.000	0.065	840.000	0.095
900.000	0.027	900.000	0.054	900.000	0.072	900.000	0.100
960.000	0.026	960.000	0.055	960.000	0.074	960.000	0.110
1020.000	0.028	1020.000	0.059	1020.000	0.083	1020.000	0.114
1080.000	0.032	1080.000	0.064	1080.000	0.089	1080.000	0.122
1140.000	0.033	1140.000	0.065	1140.000	0.089	1140.000	0.126
1200.000	0.036	1200.000	0.071	1200.000	0.095	1200.000	0.137
1260.000	0.035	1260.000	0.075	1260.000	0.104	1260.000	0.141
1320.000	0.037	1320.000	0.075	1320.000	0.107	1320.000	0.149
1380.000	0.039	1380.000	0.081	1380.000	0.111	1380.000	0.155
1440.000	0.043	1440.000	0.087	1440.000	0.117	1440.000	0.163
1500.000	0.042	1500.000	0.088	1500.000	0.119	1500.000	0.168
1560.000	0.044	1560.000	0.094	1560.000	0.127	1560.000	0.177
1620.000	0.046	1620.000	0.103	1620.000	0.134	1620.000	0.182
1680.000	0.049	1680.000	0.119	1680.000	0.138	1680.000	0.191
1740.000	0.052	1740.000	0.104	1740.000	0.146	1740.000	0.196
1800.000	0.055	1800.000	0.109	1800.000	0.167	1800.000	0.204
1860.000	0.056	1860.000	0.113	1860.000	0.155	1860.000	0.211
1920.000	0.059	1920.000	0.119	1920.000	0.159	1920.000	0.219
1980.000	0.062	1980.000	0.126	1980.000	0.165	1980.000	0.225
2040.000	0.066	2040.000	0.133	2040.000	0.170	2040.000	0.237
2100.000	0.069	2100.000	0.140	2100.000	0.175	2100.000	0.247
2160.000	0.069	2160.000	0.141	2160.000	0.180	2160.000	0.251
2220.000	0.072	2220.000	0.147	2220.000	0.185	2220.000	0.263
2280.000	0.076	2280.000	0.153	2280.000	0.191	2280.000	0.268
2340.000	0.079	2340.000	0.159	2340.000	0.198	2340.000	0.281
2400.000	0.081	2400.000	0.167	2400.000	0.206	2400.000	0.294
2460.000	0.084	2460.000	0.175	2460.000	0.213	2460.000	0.302
2520.000	0.079	2520.000	0.182	2520.000	0.213	2520.000	0.313
2580.000	0.081	2580.000	0.181	2580.000	0.219	2580.000	0.328
2640.000	0.084	2640.000	0.183	2640.000	0.227	2640.000	0.361
2700.000	0.086	2700.000	0.167	2700.000	0.272	2700.000	0.342
2760.000	0.089	2760.000	0.172	2760.000	0.286	2760.000	0.356
2820.000	0.091	2820.000	0.178	2820.000	0.295	2820.000	0.373
2880.000	0.094	2880.000	0.178	2880.000	0.307	2880.000	0.381
2940.000	0.097	2940.000	0.183	2940.000	0.321	2940.000	0.417
3000.000	0.100	3000.000	0.189	3000.000	0.336	3000.000	0.450
3060.000	0.102	3060.000	0.194	3060.000	0.362	3060.000	0.371
3120.000	0.105	3120.000	0.200	3120.000	0.272	3120.000	0.379
3180.000	0.107	3180.000	0.199	3180.000	0.276	3180.000	0.393
3240.000	0.111	3240.000	0.204	3240.000	0.283	3240.000	0.380
3300.000	0.107	3300.000	0.208	3300.000	0.289	3300.000	0.384
3360.000	0.110	3360.000	0.212	3360.000	0.295	3360.000	0.394
3420.000	0.113	3420.000	0.216	3420.000	0.301	3420.000	0.402
3480.000	0.114	3480.000	0.221	3480.000	0.307	3480.000	0.408
3540.000	0.117	3540.000	0.225	3540.000	0.314	3540.000	0.416
3600.000	0.116	3600.000	0.230	3600.000	0.321	3600.000	0.425
3660.000	0.119	3660.000	0.234	3660.000	0.328	3660.000	0.429
3720.000	0.120	3720.000	0.239	3720.000	0.334	3720.000	0.438
3780.000	0.123	3780.000	0.244	3780.000	0.342	3780.000	0.446
3840.000	0.124	3840.000	0.249	3840.000	0.348	3840.000	0.455
3900.000	0.127	3900.000	0.254	3900.000	0.356	3900.000	0.459
3960.000	0.129	3960.000	0.259	3960.000	0.350	3960.000	0.469
4020.000	0.131	4020.000	0.265	4020.000	0.357	4020.000	0.476
4080.000	0.134	4080.000	0.270	4080.000	0.362	4080.000	0.485
4140.000	0.136	4140.000	0.278	4140.000	0.368	4140.000	0.489
4200.000	0.138	4200.000	0.286	4200.000	0.374	4200.000	0.498
4260.000	0.140	4260.000	0.293	4260.000	0.380	4260.000	0.505
4320.000	0.144	4320.000	0.300	4320.000	0.386	4320.000	0.515
4380.000	0.145	4380.000	0.308	4380.000	0.392	4380.000	0.519
4440.000	0.148	4440.000	0.317	4440.000	0.398	4440.000	0.527
4500.000	0.149	4500.000	0.325	4500.000	0.404	4500.000	0.534
4560.000	0.153	4560.000	0.333	4560.000	0.409	4560.000	0.541
4620.000	0.154	4620.000	0.347	4620.000	0.415	4620.000	0.550
4680.000	0.158	4680.000	0.337	4680.000	0.422	4680.000	0.556
4740.000	0.160	4740.000	0.344	4740.000	0.428	4740.000	0.564
4800.000	0.162	4800.000	0.351	4800.000	0.435	4800.000	0.572
4860.000	0.166	4860.000	0.359	4860.000	0.442	4860.000	0.578
4920.000	0.171	4920.000	0.371	4920.000	0.450	4920.000	0.585
4980.000	0.172	4980.000	0.378	4980.000	0.455	4980.000	0.592
5040.000	0.176	5040.000	0.387	5040.000	0.462	5040.000	0.600
5100.000	0.179	5100.000	0.394	5100.000	0.469	5100.000	0.607
5160.000	0.182	5160.000	0.402	5160.000	0.477	5160.000	0.614
5220.000	0.186	5220.000	0.410	5220.000	0.484	5220.000	0.622
5280.000	0.190	5280.000	0.419	5280.000	0.477	5280.000	0.629
5340.000	0.209	5340.000	0.427	5340.000	0.483	5340.000	0.637
5400.000	0.236	5400.000	0.438	5400.000	0.488	5400.000	0.643
5460.000	0.257	5460.000	0.421	5460.000	0.494	5460.000	0.650
5520.000	0.190	5520.000	0.430	5520.000	0.500	5520.000	0.658
5580.000	0.193	5580.000	0.441	5580.000	0.505	5580.000	0.664
5640.000	0.198	5640.000	0.482	5640.000	0.511	5640.000	0.673
5700.000	0.200	5700.000	0.379	5700.000	0.517	5700.000	0.700
5760.000	0.204	5760.000	0.383	5760.000	0.522	5760.000	0.712
5820.000	0.206	5820.000	0.387	5820.000	0.528	5820.000	0.721
5880.000	0.210	5880.000	0.391	5880.000	0.534	5880.000	0.732
5940.000	0.213	5940.000	0.396	5940.000	0.540	5940.000	0.742
6000.000	0.217	6000.000	0.400	6000.000	0.545	6000.000	0.753
6060.000	0.220	6060.000	0.404	6060.000	0.551	6060.000	0.761
6120.000	0.223	6120.000	0.409	6120.000	0.557	6120.000	0.770
6180.000	0.226	6180.000	0.413	6180.000	0.563	6180.000	0.734
6240.000	0.230	6240.000	0.417	6240.000	0.569	6240.000	0.741
6300.000	0.233	6300.000	0.421	6300.000	0.573	6300.000	0.747
6360.000	0.237	6360.000	0.425	6360.000	0.579	6360.000	0.755
6420.000	0.240	6420.000	0.429	6420.000	0.585	6420.000	0.761
6480.000	0.244	6480.000	0.434	6480.000	0.591	6480.000	0.769
6540.000	0.248	6540.000	0.438	6540.000	0.596	6540.000	0.774
6600.000	0.252	6600.000	0.442	6600.000	0.601	6600.000	0.781
6660.000	0.255	6660.000	0.446	6660.000	0.607	6660.000	0.787
6720.000	0.258	6720.000	0.450	6720.000	0.613	6720.000	0.795
6780.000	0.262	6780.000	0.455	6780.000	0.619	6780.000	0.801
6840.000	0.266	6840.000	0.459	6840.000	0.624	6840.000	0.808
6900.000	0.249	6900.000	0.463	6900.000	0.630	6900.000	0.814
6960.000	0.254	6960.000	0.467	6960.000	0.636	6960.000	0.822
7020.000	0.258	7020.000	0.471	7020.000	0.643	7020.000	0.828
7080.000	0.262	7080.000	0.475	7080.000	0.648	7080.000	0.834
7140.000	0.267	7140.000	0.479	7140.000	0.655	7140.000	0.841
7200.000	0.253	7200.000	0.483	7200.000	0.660	7200.000	0.848
7260.000	0.255	7260.000	0.487	7260.000	0.666	7260.000	0.854
7320.000	0.257	7320.000	0.492	7320.000	0.675	7320.000	0.861
7380.000	0.260	7380.000	0.496	7380.000	0.686	7380.000	0.867
7440.000	0.262	7440.000	0.500	7440.000	0.696	7440.000	0.873
7500.000	0.264	7500.000	0.503	7500.000	0.704	7500.000	0.880
7560.000	0.266	7560.000	0.509	7560.000	0.713	7560.000	0.887
7620.000	0.269	7620.000	0.512	7620.000	0.721	7620.000	0.892
7680.000	0.271	7680.000	0.516	7680.000	0.745	7680.000	0.899
7740.000	0.274	7740.000	0.520	7740.000	0.758	7740.000	0.906
7800.000	0.275	7800.000	0.523	7800.000	0.770	7800.000	0.912
7860.000	0.277	7860.000	0.527	7860.000	0.779	7860.000	0.918
7920.000	0.279	7920.000	0.531	7920.000	0.788	7920.000	0.924
7980.000	0.281	7980.000	0.535	7980.000	0.797	7980.000	0.931
8040.000	0.283	8040.000	0.539	8040.000	0.808	8040.000	0.937
8100.000	0.285	8100.000	0.543	8100.000	0.833	8100.000	0.943
8160.000	0.288	8160.000	0.546	8160.000	0.731	8160.000	0.949
8220.000	0.289	8220.000	0.551	8220.000	0.736	8220.000	0.955
8280.000	0.292	8280.000	0.554	8280.000	0.740	8280.000	0.961
8340.000	0.294	8340.000	0.558	8340.000	0.745	8340.000	0.967
8400.000	0.296	8400.000	0.562	8400.000	0.750	8400.000	0.974
8460.000	0.298	8460.000	0.566	8460.000	0.755	8460.000	0.979
8520.000	0.300	8520.000	0.570	8520.000	0.760	8520.000	0.985
8580.000	0.302	8580.000	0.573	8580.000	0.765	8580.000	0.991
8640.000	0.304	8640.000	0.577	8640.000	0.770	8640.000	0.997
8700.000	0.306	8700.000	0.580	8700.000	0.774	8700.000	1.003
8760.000	0.308	8760.000	0.585	8760.000	0.779	8760.000	1.009
8820.000	0.311	8820.000	0.589	8820.000	0.784	8820.000	1.015
8880.000	0.312	8880.000	0.592	8880.000	0.788	8880.000	1.020
8940.000	0.315	8940.000	0.596	8940.000	0.793	8940.000	1.026
9000.000	0.316	9000.000	0.599	9000.000	0.798	9000.000	1.032
9060.000	0.319	9060.000	0.603	9060.000	0.802	9060.000	1.038
9120.000	0.321	9120.000	0.607	9120.000	0.807	9120.000	1.043
9180.000	0.323	9180.000	0.601	9180.000	0.812	9180.000	1.049
9240.000	0.324	9240.000	0.604	9240.000	0.816	9240.000	1.055
9300.000	0.327	9300.000	0.608	9300.000	0.820	9300.000	1.060
9360.000	0.329	9360.000	0.611	9360.000	0.825	9360.000	1.067
9420.000	0.331	9420.000	0.615	9420.000	0.830	9420.000	1.072
9480.000	0.333	9480.000	0.618	9480.000	0.834	9480.000	1.078
9540.000	0.335	9540.000	0.622	9540.000	0.839	9540.000	1.083
9600.000	0.337	9600.000	0.625	9600.000	0.843	9600.000	1.089
9660.000	0.339	9660.000	0.628	9660.000	0.847	9660.000	1.093
9720.000	0.341	9720.000	0.632	9720.000	0.852	9720.000	1.098
9780.000	0.343	9780.000	0.635	9780.000	0.856	9780.000	1.104
9840.000	0.345	9840.000	0.638	9840.000	0.861	9840.000	1.109
9900.000	0.347	9900.000	0.642	9900.000	0.865	9900.000	1.114
9960.000	0.349	9960.000	0.644	9960.000	0.869	9960.000	1.121
10020.000	0.351	10020.000	0.649	10020.000	0.874	10020.000	1.125
10080.000	0.353	10080.000	0.652	10080.000	0.877	10080.000	1.131
10140.000	0.355	10140.000	0.655	10140.000	0.882	10140.000	1.136
10200.000	0.356	10200.000	0.658	10200.000	0.886	10200.000	1.142
10260.000	0.359	10260.000	0.662	10260.000	0.890	10260.000	1.147
10320.000	0.361	10320.000	0.664	10320.000	0.895	10320.000	1.152
10380.000	0.363	10380.000	0.668	10380.000	0.899	10380.000	1.157
10440.000	0.364	10440.000	0.670	10440.000	0.903	10440.000	1.165
10500.000	0.366	10500.000	0.674	10500.000	0.907	10500.000	1.171
10560.000	0.368	10560.000	0.677	10560.000	0.912	10560.000	1.177
10620.000	0.370	10620.000	0.680	10620.000	0.915	10620.000	1.183
10680.000	0.372	10680.000	0.684	10680.000	0.919	10680.000	1.189
10740.000	0.374	10740.000	0.687	10740.000	0.924	10740.000	1.195
10800.000	0.376	10800.000	0.689	10800.000	0.928	10800.000	1.200
10860.000	0.378	10860.000	0.693	10860.000	0.932	10860.000	1.206
10920.000	0.379	10920.000	0.696	10920.000	0.936	10920.000	1.211
10980.000	0.381	10980.000	0.699	10980.000	0.940	10980.000	1.218
11040.000	0.383	11040.000	0.702	11040.000	0.943	11040.000	1.223
11100.000	0.385	11100.000	0.705	11100.000	0.948	11100.000	1.229
11160.000	0.387	11160.000	0.708	11160.000	0.951	11160.000	1.236
11220.000	0.389	11220.000	0.711	11220.000	0.955	11220.000	1.242
11280.000	0.391	11280.000	0.714	11280.000	0.959	11280.000	1.248
11340.000	0.392	11340.000	0.717	11340.000	0.963	11340.000	1.255
11400.000	0.394	11400.000	0.720	11400.000	0.967	11400.000	1.259
11460.000	0.393	11460.000	0.723	11460.000	0.970	11460.000	1.265
11520.000	0.395	11520.000	0.726	11520.000	0.975	11520.000	1.271
11580.000	0.397	11580.000	0.729	11580.000	0.979	11580.000	1.277
11640.000	0.398	11640.000	0.732	11640.000	0.982	11640.000	1.283
11700.000	0.400	11700.000	0.734	11700.000	0.986	11700.000	1.290
11760.000	0.402	11760.000	0.738	11760.000	0.989	11760.000	1.293
11820.000	0.404	11820.000	0.740	11820.000	0.993	11820.000	1.300
11880.000	0.406	11880.000	0.743	11880.000	0.997	11880.000	1.305
11940.000	0.407	11940.000	0.746	11940.000	1.001	11940.000	1.312
12000.000	0.409	12000.000	0.749	12000.000	1.004	12000.000	1.316
12060.000	0.410	12060.000	0.751	12060.000	1.008	12060.000	1.321
12120.000	0.412	12120.000	0.754	12120.000	1.012	12120.000	1.327
12180.000	0.414	12180.000	0.757	12180.000	1.015	12180.000	1.331
12240.000	0.415	12240.000	0.759	12240.000	1.019	12240.000	1.340
12300.000	0.417	12300.000	0.763	12300.000	1.023	12300.000	1.347
12360.000	0.418	12360.000	0.765	12360.000	1.026	12360.000	1.352
12420.000	0.420	12420.000	0.768	12420.000	1.030	12420.000	1.354
12480.000	0.422	12480.000	0.771	12480.000	1.033	12480.000	1.362
12540.000	0.423	12540.000	0.773	12540.000	1.036	12540.000	1.365
12600.000	0.425	12600.000	0.775	12600.000	1.040	12600.000	1.371
12660.000	0.426	12660.000	0.779	12660.000	1.043	12660.000	1.375
12720.000	0.428	12720.000	0.781	12720.000	1.046	12720.000	1.385
12780.000	0.430	12780.000	0.783	12780.000	1.050	12780.000	1.387
12840.000	0.431	12840.000	0.786	12840.000	1.054	12840.000	1.393
12900.000	0.433	12900.000	0.789	12900.000	1.057	12900.000	1.399
12960.000	0.434	12960.000	0.792	12960.000	1.061	12960.000	1.405
13020.000	0.436	13020.000	0.794	13020.000	1.064	13020.000	1.411
13080.000	0.437	13080.000	0.794	13080.000	1.067	13080.000	1.364
13140.000	0.439	13140.000	0.796	13140.000	1.071	13140.000	1.368
13200.000	0.440	13200.000	0.799	13200.000	1.073	13200.000	1.372
13260.000	0.442	13260.000	0.801	13260.000	1.077	13260.000	1.376
13320.000	0.443	13320.000	0.804	13320.000	1.080	13320.000	1.380
13380.000	0.445	13380.000	0.806	13380.000	1.083	13380.000	1.384
13440.000	0.446	13440.000	0.809	13440.000	1.087	13440.000	1.387
13500.000	0.448	13500.000	0.811	13500.000	1.090	13500.000	1.391
13560.000	0.450	13560.000	0.814	13560.000	1.093	13560.000	1.396
13620.000	0.451	13620.000	0.816	13620.000	1.096	13620.000	1.400
13680.000	0.452	13680.000	0.819	13680.000	1.100	13680.000	1.403
13740.000	0.454	13740.000	0.820	13740.000	1.102	13740.000	1.407
13800.000	0.455	13800.000	0.823	13800.000	1.106	13800.000	1.411
13860.000	0.457	13860.000	0.825	13860.000	1.109	13860.000	1.413
13920.000	0.458	13920.000	0.828	13920.000	1.112	13920.000	1.418
13980.000	0.460	13980.000	0.830	13980.000	1.116	13980.000	1.421
14040.000	0.461	14040.000	0.833	14040.000	1.118	14040.000	1.426
14100.000	0.463	14100.000	0.835	14100.000	1.121	14100.000	1.429
14160.000	0.464	14160.000	0.838	14160.000	1.125	14160.000	1.433
14220.000	0.465	14220.000	0.840	14220.000	1.127	14220.000	1.436
14280.000	0.467	14280.000	0.842	14280.000	1.130	14280.000	1.441
14340.000	0.470	14340.000	0.844	14340.000	1.133	14340.000	1.444
14400.000	0.471	14400.000	0.846	14400.000	1.136	14400.000	1.448
14460.000	0.473	14460.000	0.848	14460.000	1.139	14460.000	1.452
14520.000	0.474	14520.000	0.850	14520.000	1.142	14520.000	1.455
14580.000	0.475	14580.000	0.853	14580.000	1.145	14580.000	1.458
14640.000	0.476	14640.000	0.856	14640.000	1.148	14640.000	1.462
14700.000	0.478	14700.000	0.857	14700.000	1.150	14700.000	1.465
14760.000	0.479	14760.000	0.860	14760.000	1.154	14760.000	1.467
14820.000	0.480	14820.000	0.862	14820.000	1.157	14820.000	1.472
14880.000	0.482	14880.000	0.863	14880.000	1.160	14880.000	1.475
14940.000	0.483	14940.000	0.866	14940.000	1.162	14940.000	1.479
15000.000	0.484	15000.000	0.868	15000.000	1.166	15000.000	1.482
15060.000	0.486	15060.000	0.871	15060.000	1.167	15060.000	1.486
15120.000	0.487	15120.000	0.872	15120.000	1.171	15120.000	1.490
15180.000	0.488	15180.000	0.875	15180.000	1.173	15180.000	1.492
15240.000	0.489	15240.000	0.876	15240.000	1.176	15240.000	1.495
15300.000	0.490	15300.000	0.878	15300.000	1.179	15300.000	1.498
15360.000	0.492	15360.000	0.881	15360.000	1.181	15360.000	1.503
15420.000	0.493	15420.000	0.883	15420.000	1.184	15420.000	1.505
15480.000	0.495	15480.000	0.885	15480.000	1.187	15480.000	1.508
15540.000	0.496	15540.000	0.887	15540.000	1.189	15540.000	1.511
15600.000	0.497	15600.000	0.889	15600.000	1.192	15600.000	1.515
15660.000	0.498	15660.000	0.890	15660.000	1.194	15660.000	1.517
15720.000	0.499	15720.000	0.893	15720.000	1.197	15720.000	1.521
15780.000	0.500	15780.000	0.894	15780.000	1.200	15780.000	1.524
15840.000	0.502	15840.000	0.897	15840.000	1.203	15840.000	1.528
15900.000	0.503	15900.000	0.899	15900.000	1.205	15900.000	1.530
15960.000	0.504	15960.000	0.900	15960.000	1.208	15960.000	1.533
16020.000	0.505	16020.000	0.902	16020.000	1.210	16020.000	1.535
16080.000	0.507	16080.000	0.904	16080.000	1.213	16080.000	1.540
16140.000	0.508	16140.000	0.906	16140.000	1.215	16140.000	1.543
16200.000	0.510	16200.000	0.908	16200.000	1.218	16200.000	1.545
16260.000	0.511	16260.000	0.910	16260.000	1.220	16260.000	1.548
16320.000	0.506	16320.000	0.911	16320.000	1.223	16320.000	1.553
16380.000	0.507	16380.000	0.914	16380.000	1.225	16380.000	1.553
16440.000	0.509	16440.000	0.915	16440.000	1.228	16440.000	1.557
16500.000	0.510	16500.000	0.917	16500.000	1.230	16500.000	1.559
16560.000	0.511	16560.000	0.919	16560.000	1.233	16560.000	1.562
16620.000	0.512	16620.000	0.921	16620.000	1.235	16620.000	1.565
16680.000	0.513	16680.000	0.923	16680.000	1.237	16680.000	1.568
16740.000	0.515	16740.000	0.925	16740.000	1.240	16740.000	1.571
16800.000	0.515	16800.000	0.926	16800.000	1.242	16800.000	1.574
16860.000	0.516	16860.000	0.928	16860.000	1.244	16860.000	1.576
16920.000	0.518	16920.000	0.930	16920.000	1.247	16920.000	1.580
16980.000	0.518	16980.000	0.931	16980.000	1.249	16980.000	1.583
17040.000	0.520	17040.000	0.933	17040.000	1.251	17040.000	1.586
17100.000	0.520	17100.000	0.935	17100.000	1.254	17100.000	1.587
17160.000	0.522	17160.000	0.937	17160.000	1.256	17160.000	1.590
17220.000	0.522	17220.000	0.939	17220.000	1.257	17220.000	1.593
17280.000	0.524	17280.000	0.940	17280.000	1.261	17280.000	1.595
17340.000	0.524	17340.000	0.941	17340.000	1.262	17340.000	1.599
17400.000	0.526	17400.000	0.943	17400.000	1.265	17400.000	1.601
17460.000	0.527	17460.000	0.946	17460.000	1.266	17460.000	1.602
17520.000	0.528	17520.000	0.947	17520.000	1.267	17520.000	1.605
17580.000	0.529	17580.000	0.949	17580.000	1.271	17580.000	1.609
17640.000	0.530	17640.000	0.950	17640.000	1.273	17640.000	1.612
17700.000	0.531	17700.000	0.953	17700.000	1.275	17700.000	1.614
17760.000	0.532	17760.000	0.954	17760.000	1.278	17760.000	1.617
17820.000	0.533	17820.000	0.956	17820.000	1.279	17820.000	1.619
17880.000	0.534	17880.000	0.957	17880.000	1.281	17880.000	1.622
17940.000	0.535	17940.000	0.958	17940.000	1.284	17940.000	1.623
18000.000	0.536	18000.000	0.960	18000.000	1.286	18000.000	1.625
							
							
							
