Batch	rate083.rre						
Evolution 600	161008						
Sample	Sample001	Sample	Sample002	Sample	Sample003	Sample	Sample004
Data Mode	A	Data Mode	A	Data Mode	A	Data Mode	A
Smoothing	None	Smoothing	None	Smoothing	None	Smoothing	None
Date Collected	6/14/2010	Date Collected	6/14/2010	Date Collected	6/14/2010	Date Collected	6/14/2010
Time Collected	5:03:10PM	Time Collected	5:03:18PM	Time Collected	5:03:25PM	Time Collected	5:03:33PM
							
Substrate Conc.	0.5962 mmol/L	Substrate Conc.	2.9811 mmol/L	Substrate Conc.	5.3660 mmol/L	Substrate Conc.	7.7508 mmol/L
ss.sss	Value	ss.sss	Value	ss.sss	Value	ss.sss	Value
0.000	0.006	0.000	-0.002	0.000	-0.012	0.000	0.003
31.000	0.002	31.000	-0.002	31.000	-0.009	31.000	0.001
62.000	0.003	62.000	-0.003	62.000	-0.010	62.000	0.003
93.000	0.003	93.000	-0.002	93.000	-0.009	93.000	0.003
124.000	0.002	124.000	0.000	124.000	-0.008	124.000	0.003
155.000	0.003	155.000	0.000	155.000	-0.007	155.000	0.003
186.000	0.003	186.000	0.000	186.000	-0.007	186.000	0.003
217.000	0.004	217.000	0.000	217.000	-0.007	217.000	0.003
248.000	0.004	248.000	0.001	248.000	-0.006	248.000	0.003
279.000	0.005	279.000	0.002	279.000	-0.005	279.000	0.004
310.000	0.005	310.000	0.002	310.000	-0.005	310.000	0.005
341.000	0.005	341.000	0.002	341.000	-0.004	341.000	0.004
372.000	0.006	372.000	0.003	372.000	-0.004	372.000	0.004
403.000	0.007	403.000	0.003	403.000	-0.003	403.000	0.005
434.000	0.006	434.000	0.004	434.000	-0.003	434.000	0.005
465.000	0.007	465.000	0.004	465.000	-0.002	465.000	0.006
496.000	0.007	496.000	0.004	496.000	-0.002	496.000	0.006
527.000	0.007	527.000	0.004	527.000	-0.002	527.000	0.007
558.000	0.008	558.000	0.005	558.000	-0.001	558.000	0.007
589.000	0.008	589.000	0.006	589.000	-0.001	589.000	0.007
620.000	0.008	620.000	0.006	620.000	0.000	620.000	0.008
651.000	0.009	651.000	0.006	651.000	0.001	651.000	0.008
682.000	0.009	682.000	0.006	682.000	0.001	682.000	0.008
713.000	0.009	713.000	0.006	713.000	0.002	713.000	0.008
744.000	0.010	744.000	0.007	744.000	0.002	744.000	0.008
775.000	0.010	775.000	0.008	775.000	0.002	775.000	0.008
806.000	0.010	806.000	0.008	806.000	0.003	806.000	0.008
837.000	0.010	837.000	0.008	837.000	0.003	837.000	0.009
868.000	0.011	868.000	0.009	868.000	0.004	868.000	0.008
899.000	0.011	899.000	0.009	899.000	0.004	899.000	0.009
930.000	0.011	930.000	0.009	930.000	0.004	930.000	0.009
961.000	0.012	961.000	0.010	961.000	0.005	961.000	0.010
992.000	0.012	992.000	0.010	992.000	0.005	992.000	0.010
1023.000	0.013	1023.000	0.010	1023.000	0.005	1023.000	0.010
1054.000	0.013	1054.000	0.011	1054.000	0.006	1054.000	0.011
1085.000	0.014	1085.000	0.011	1085.000	0.006	1085.000	0.011
1116.000	0.014	1116.000	0.011	1116.000	0.007	1116.000	0.011
1147.000	0.014	1147.000	0.012	1147.000	0.007	1147.000	0.012
1178.000	0.015	1178.000	0.012	1178.000	0.006	1178.000	0.012
1209.000	0.014	1209.000	0.012	1209.000	0.007	1209.000	0.012
1240.000	0.015	1240.000	0.013	1240.000	0.007	1240.000	0.012
1271.000	0.015	1271.000	0.013	1271.000	0.008	1271.000	0.013
1302.000	0.015	1302.000	0.013	1302.000	0.009	1302.000	0.013
1333.000	0.016	1333.000	0.014	1333.000	0.009	1333.000	0.013
1364.000	0.016	1364.000	0.014	1364.000	0.009	1364.000	0.014
1395.000	0.017	1395.000	0.014	1395.000	0.009	1395.000	0.014
1426.000	0.017	1426.000	0.015	1426.000	0.010	1426.000	0.015
1457.000	0.018	1457.000	0.015	1457.000	0.011	1457.000	0.015
1488.000	0.017	1488.000	0.016	1488.000	0.010	1488.000	0.015
1519.000	0.018	1519.000	0.015	1519.000	0.011	1519.000	0.015
1550.000	0.018	1550.000	0.016	1550.000	0.011	1550.000	0.016
1581.000	0.019	1581.000	0.016	1581.000	0.011	1581.000	0.016
1612.000	0.018	1612.000	0.017	1612.000	0.012	1612.000	0.016
1643.000	0.019	1643.000	0.017	1643.000	0.013	1643.000	0.016
1674.000	0.019	1674.000	0.017	1674.000	0.013	1674.000	0.016
1705.000	0.020	1705.000	0.017	1705.000	0.013	1705.000	0.017
1736.000	0.020	1736.000	0.018	1736.000	0.013	1736.000	0.017
1767.000	0.020	1767.000	0.018	1767.000	0.014	1767.000	0.018
1798.000	0.020	1798.000	0.018	1798.000	0.014	1798.000	0.018
1829.000	0.021	1829.000	0.018	1829.000	0.014	1829.000	0.018
1860.000	0.021	1860.000	0.019	1860.000	0.014	1860.000	0.018
1891.000	0.021	1891.000	0.019	1891.000	0.015	1891.000	0.019
1922.000	0.022	1922.000	0.020	1922.000	0.015	1922.000	0.019
1953.000	0.022	1953.000	0.020	1953.000	0.015	1953.000	0.019
1984.000	0.023	1984.000	0.020	1984.000	0.015	1984.000	0.020
2015.000	0.022	2015.000	0.020	2015.000	0.016	2015.000	0.020
2046.000	0.023	2046.000	0.021	2046.000	0.017	2046.000	0.019
2077.000	0.024	2077.000	0.021	2077.000	0.017	2077.000	0.020
2108.000	0.024	2108.000	0.021	2108.000	0.017	2108.000	0.021
2139.000	0.024	2139.000	0.022	2139.000	0.017	2139.000	0.020
2170.000	0.024	2170.000	0.021	2170.000	0.017	2170.000	0.021
2201.000	0.024	2201.000	0.022	2201.000	0.018	2201.000	0.021
2232.000	0.025	2232.000	0.022	2232.000	0.018	2232.000	0.022
2263.000	0.025	2263.000	0.022	2263.000	0.018	2263.000	0.022
2294.000	0.025	2294.000	0.023	2294.000	0.019	2294.000	0.022
2325.000	0.025	2325.000	0.023	2325.000	0.019	2325.000	0.022
2356.000	0.025	2356.000	0.023	2356.000	0.019	2356.000	0.023
2387.000	0.026	2387.000	0.023	2387.000	0.019	2387.000	0.023
2418.000	0.026	2418.000	0.024	2418.000	0.020	2418.000	0.023
2449.000	0.026	2449.000	0.024	2449.000	0.021	2449.000	0.023
2480.000	0.027	2480.000	0.024	2480.000	0.020	2480.000	0.023
2511.000	0.027	2511.000	0.025	2511.000	0.021	2511.000	0.024
2542.000	0.027	2542.000	0.025	2542.000	0.021	2542.000	0.024
2573.000	0.028	2573.000	0.025	2573.000	0.021	2573.000	0.024
2604.000	0.028	2604.000	0.025	2604.000	0.022	2604.000	0.024
2635.000	0.028	2635.000	0.026	2635.000	0.022	2635.000	0.025
2666.000	0.028	2666.000	0.026	2666.000	0.023	2666.000	0.025
2697.000	0.029	2697.000	0.026	2697.000	0.022	2697.000	0.025
2728.000	0.029	2728.000	0.027	2728.000	0.023	2728.000	0.026
2759.000	0.029	2759.000	0.027	2759.000	0.023	2759.000	0.026
2790.000	0.030	2790.000	0.027	2790.000	0.023	2790.000	0.026
2821.000	0.029	2821.000	0.028	2821.000	0.024	2821.000	0.026
2852.000	0.030	2852.000	0.028	2852.000	0.024	2852.000	0.027
2883.000	0.030	2883.000	0.028	2883.000	0.024	2883.000	0.026
2914.000	0.030	2914.000	0.028	2914.000	0.025	2914.000	0.027
2945.000	0.031	2945.000	0.028	2945.000	0.025	2945.000	0.027
2976.000	0.031	2976.000	0.029	2976.000	0.024	2976.000	0.027
3007.000	0.032	3007.000	0.028	3007.000	0.025	3007.000	0.028
3038.000	0.031	3038.000	0.029	3038.000	0.026	3038.000	0.028
3069.000	0.032	3069.000	0.029	3069.000	0.026	3069.000	0.028
3100.000	0.032	3100.000	0.029	3100.000	0.026	3100.000	0.029
3131.000	0.032	3131.000	0.030	3131.000	0.027	3131.000	0.029
3162.000	0.033	3162.000	0.030	3162.000	0.026	3162.000	0.029
3193.000	0.033	3193.000	0.030	3193.000	0.027	3193.000	0.029
3224.000	0.034	3224.000	0.031	3224.000	0.028	3224.000	0.029
3255.000	0.034	3255.000	0.031	3255.000	0.027	3255.000	0.029
3286.000	0.034	3286.000	0.030	3286.000	0.028	3286.000	0.030
3317.000	0.034	3317.000	0.031	3317.000	0.028	3317.000	0.030
3348.000	0.034	3348.000	0.031	3348.000	0.028	3348.000	0.030
3379.000	0.035	3379.000	0.032	3379.000	0.029	3379.000	0.030
3410.000	0.035	3410.000	0.032	3410.000	0.029	3410.000	0.031
3441.000	0.035	3441.000	0.032	3441.000	0.029	3441.000	0.031
3472.000	0.035	3472.000	0.032	3472.000	0.029	3472.000	0.031
3503.000	0.035	3503.000	0.033	3503.000	0.030	3503.000	0.031
3534.000	0.036	3534.000	0.033	3534.000	0.030	3534.000	0.032
3565.000	0.036	3565.000	0.033	3565.000	0.030	3565.000	0.032
3596.000	0.036	3596.000	0.033	3596.000	0.031	3596.000	0.032
							
							
							
