Batch	rate135.rre												
Evolution 600	161008												
Sample	Sample001	Sample	Sample002	Sample	Sample003	Sample	Sample004	Sample	Sample005	Sample	Sample006	Sample	Sample007
Data Mode	A	Data Mode	A	Data Mode	A	Data Mode	A	Data Mode	A	Data Mode	A	Data Mode	A
Smoothing	None	Smoothing	None	Smoothing	None	Smoothing	None	Smoothing	None	Smoothing	None	Smoothing	None
Date Collected	9/3/2010	Date Collected	9/3/2010	Date Collected	9/3/2010	Date Collected	9/3/2010	Date Collected	9/3/2010	Date Collected	9/3/2010	Date Collected	9/3/2010
Time Collected	12:48:21AM	Time Collected	12:48:28AM	Time Collected	12:48:35AM	Time Collected	12:48:43AM	Time Collected	12:48:50AM	Time Collected	12:48:57AM	Time Collected	6:03:15AM
ss.sss	Value	ss.sss	Value	ss.sss	Value	ss.sss	Value	ss.sss	Value	ss.sss	Value	ss.sss	Value
0.000	0.000	0.000	0.011	0.000	0.010	0.000	0.003	0.000	0.010	0.000	-0.008	0.000	0.010
60.000	0.001	60.000	0.011	60.000	0.010	60.000	0.002	60.000	0.011	60.000	-0.009	60.000	0.010
120.000	0.004	120.000	0.011	120.000	0.010	120.000	0.002	120.000	0.012	120.000	-0.010	120.000	0.010
180.000	0.005	180.000	0.011	180.000	0.010	180.000	0.001	180.000	0.013	180.000	-0.010	180.000	0.010
240.000	0.006	240.000	0.012	240.000	0.010	240.000	0.002	240.000	0.013	240.000	-0.010	240.000	0.010
300.000	0.007	300.000	0.013	300.000	0.011	300.000	0.001	300.000	0.014	300.000	-0.010	300.000	0.010
360.000	0.008	360.000	0.014	360.000	0.011	360.000	0.002	360.000	0.015	360.000	-0.010	360.000	0.010
420.000	0.009	420.000	0.014	420.000	0.012	420.000	0.003	420.000	0.016	420.000	-0.010	420.000	0.010
480.000	0.011	480.000	0.015	480.000	0.012	480.000	0.003	480.000	0.016	480.000	-0.010	480.000	0.010
540.000	0.011	540.000	0.017	540.000	0.013	540.000	0.002	540.000	0.016	540.000	-0.010	540.000	0.011
600.000	0.012	600.000	0.018	600.000	0.013	600.000	0.002	600.000	0.016	600.000	-0.010	600.000	0.011
660.000	0.013	660.000	0.020	660.000	0.014	660.000	0.002	660.000	0.016	660.000	-0.009	660.000	0.011
720.000	0.014	720.000	0.021	720.000	0.015	720.000	0.002	720.000	0.017	720.000	-0.009	720.000	0.011
780.000	0.014	780.000	0.023	780.000	0.015	780.000	0.003	780.000	0.017	780.000	-0.009	780.000	0.011
840.000	0.015	840.000	0.025	840.000	0.016	840.000	0.003	840.000	0.017	840.000	-0.008	840.000	0.011
900.000	0.015	900.000	0.027	900.000	0.016	900.000	0.003	900.000	0.018	900.000	-0.008	900.000	0.011
960.000	0.017	960.000	0.029	960.000	0.017	960.000	0.003	960.000	0.018	960.000	-0.008	960.000	0.011
1020.000	0.018	1020.000	0.032	1020.000	0.018	1020.000	0.003	1020.000	0.018	1020.000	-0.008	1020.000	0.011
1080.000	0.018	1080.000	0.034	1080.000	0.019	1080.000	0.003	1080.000	0.018	1080.000	-0.008	1080.000	0.011
1140.000	0.020	1140.000	0.037	1140.000	0.020	1140.000	0.003	1140.000	0.018	1140.000	-0.008	1140.000	0.011
1200.000	0.020	1200.000	0.039	1200.000	0.021	1200.000	0.003	1200.000	0.018	1200.000	-0.007	1200.000	0.011
1260.000	0.022	1260.000	0.042	1260.000	0.022	1260.000	0.003	1260.000	0.019	1260.000	-0.008	1260.000	0.011
1320.000	0.023	1320.000	0.044	1320.000	0.023	1320.000	0.003	1320.000	0.018	1320.000	-0.007	1320.000	0.011
1380.000	0.024	1380.000	0.047	1380.000	0.024	1380.000	0.003	1380.000	0.019	1380.000	-0.007	1380.000	0.011
1440.000	0.026	1440.000	0.050	1440.000	0.025	1440.000	0.004	1440.000	0.019	1440.000	-0.007	1440.000	0.011
1500.000	0.027	1500.000	0.053	1500.000	0.026	1500.000	0.004	1500.000	0.019	1500.000	-0.007	1500.000	0.011
1560.000	0.028	1560.000	0.056	1560.000	0.027	1560.000	0.004	1560.000	0.020	1560.000	-0.007	1560.000	0.011
1620.000	0.030	1620.000	0.056	1620.000	0.029	1620.000	0.004	1620.000	0.020	1620.000	-0.007	1620.000	0.011
1680.000	0.031	1680.000	0.059	1680.000	0.030	1680.000	0.005	1680.000	0.020	1680.000	-0.006	1680.000	0.011
1740.000	0.033	1740.000	0.062	1740.000	0.032	1740.000	0.005	1740.000	0.020	1740.000	-0.006	1740.000	0.011
1800.000	0.035	1800.000	0.064	1800.000	0.033	1800.000	0.005	1800.000	0.020	1800.000	-0.006	1800.000	0.011
1860.000	0.036	1860.000	0.067	1860.000	0.035	1860.000	0.006	1860.000	0.020	1860.000	-0.006	1860.000	0.012
1920.000	0.037	1920.000	0.070	1920.000	0.036	1920.000	0.006	1920.000	0.021	1920.000	-0.005	1920.000	0.012
1980.000	0.039	1980.000	0.072	1980.000	0.036	1980.000	0.006	1980.000	0.021	1980.000	-0.005	1980.000	0.012
2040.000	0.040	2040.000	0.075	2040.000	0.037	2040.000	0.007	2040.000	0.021	2040.000	-0.006	2040.000	0.012
2100.000	0.042	2100.000	0.078	2100.000	0.039	2100.000	0.007	2100.000	0.021	2100.000	-0.005	2100.000	0.012
2160.000	0.043	2160.000	0.079	2160.000	0.040	2160.000	0.008	2160.000	0.022	2160.000	-0.005	2160.000	0.012
2220.000	0.045	2220.000	0.082	2220.000	0.040	2220.000	0.008	2220.000	0.021	2220.000	-0.004	2220.000	0.012
2280.000	0.046	2280.000	0.084	2280.000	0.042	2280.000	0.009	2280.000	0.022	2280.000	-0.004	2280.000	0.012
2340.000	0.048	2340.000	0.087	2340.000	0.043	2340.000	0.009	2340.000	0.022	2340.000	-0.004	2340.000	0.012
2400.000	0.050	2400.000	0.088	2400.000	0.045	2400.000	0.010	2400.000	0.022	2400.000	-0.004	2400.000	0.012
2460.000	0.052	2460.000	0.093	2460.000	0.046	2460.000	0.011	2460.000	0.022	2460.000	-0.004	2460.000	0.012
2520.000	0.054	2520.000	0.097	2520.000	0.045	2520.000	0.012	2520.000	0.023	2520.000	-0.004	2520.000	0.012
2580.000	0.056	2580.000	0.100	2580.000	0.046	2580.000	0.013	2580.000	0.023	2580.000	-0.003	2580.000	0.012
2640.000	0.058	2640.000	0.103	2640.000	0.048	2640.000	0.013	2640.000	0.023	2640.000	-0.003	2640.000	0.012
2700.000	0.052	2700.000	0.107	2700.000	0.050	2700.000	0.015	2700.000	0.024	2700.000	-0.003	2700.000	0.012
2760.000	0.054	2760.000	0.109	2760.000	0.052	2760.000	0.016	2760.000	0.024	2760.000	-0.003	2760.000	0.012
2820.000	0.055	2820.000	0.110	2820.000	0.050	2820.000	0.017	2820.000	0.024	2820.000	-0.003	2820.000	0.012
2880.000	0.056	2880.000	0.113	2880.000	0.053	2880.000	0.018	2880.000	0.024	2880.000	-0.002	2880.000	0.012
2940.000	0.059	2940.000	0.115	2940.000	0.053	2940.000	0.020	2940.000	0.024	2940.000	-0.002	2940.000	0.012
3000.000	0.061	3000.000	0.118	3000.000	0.054	3000.000	0.021	3000.000	0.025	3000.000	-0.002	3000.000	0.012
3060.000	0.063	3060.000	0.121	3060.000	0.051	3060.000	0.023	3060.000	0.026	3060.000	-0.002	3060.000	0.012
3120.000	0.065	3120.000	0.123	3120.000	0.053	3120.000	0.024	3120.000	0.025	3120.000	-0.001	3120.000	0.012
3180.000	0.067	3180.000	0.126	3180.000	0.054	3180.000	0.026	3180.000	0.026	3180.000	-0.001	3180.000	0.012
3240.000	0.069	3240.000	0.128	3240.000	0.056	3240.000	0.026	3240.000	0.026	3240.000	-0.001	3240.000	0.013
3300.000	0.070	3300.000	0.131	3300.000	0.049	3300.000	0.028	3300.000	0.027	3300.000	-0.001	3300.000	0.013
3360.000	0.074	3360.000	0.133	3360.000	0.051	3360.000	0.019	3360.000	0.027	3360.000	-0.001	3360.000	0.013
3420.000	0.075	3420.000	0.136	3420.000	0.051	3420.000	0.020	3420.000	0.028	3420.000	-0.001	3420.000	0.012
3480.000	0.062	3480.000	0.134	3480.000	0.052	3480.000	0.021	3480.000	0.028	3480.000	0.000	3480.000	0.013
3540.000	0.063	3540.000	0.137	3540.000	0.053	3540.000	0.022	3540.000	0.028	3540.000	0.000	3540.000	0.013
3600.000	0.065	3600.000	0.138	3600.000	0.054	3600.000	0.023	3600.000	0.028	3600.000	0.000	3600.000	0.013
3660.000	0.059	3660.000	0.140	3660.000	0.056	3660.000	0.024	3660.000	0.029	3660.000	0.000	3660.000	0.013
3720.000	0.056	3720.000	0.140	3720.000	0.057	3720.000	0.026	3720.000	0.030	3720.000	0.000	3720.000	0.013
3780.000	0.057	3780.000	0.140	3780.000	0.058	3780.000	0.028	3780.000	0.030	3780.000	0.000	3780.000	0.013
3840.000	0.059	3840.000	0.142	3840.000	0.062	3840.000	0.029	3840.000	0.030	3840.000	0.001	3840.000	0.013
3900.000	0.060	3900.000	0.132	3900.000	0.062	3900.000	0.031	3900.000	0.031	3900.000	0.001	3900.000	0.013
3960.000	0.062	3960.000	0.134	3960.000	0.062	3960.000	0.033	3960.000	0.031	3960.000	0.001	3960.000	0.013
4020.000	0.062	4020.000	0.133	4020.000	0.064	4020.000	0.034	4020.000	0.032	4020.000	0.001	4020.000	0.013
4080.000	0.065	4080.000	0.134	4080.000	0.067	4080.000	0.037	4080.000	0.032	4080.000	0.001	4080.000	0.013
4140.000	0.067	4140.000	0.136	4140.000	0.065	4140.000	0.038	4140.000	0.033	4140.000	0.002	4140.000	0.013
4200.000	0.066	4200.000	0.137	4200.000	0.066	4200.000	0.040	4200.000	0.033	4200.000	0.002	4200.000	0.013
4260.000	0.068	4260.000	0.139	4260.000	0.068	4260.000	0.042	4260.000	0.034	4260.000	0.002	4260.000	0.013
4320.000	0.070	4320.000	0.142	4320.000	0.069	4320.000	0.044	4320.000	0.034	4320.000	0.002	4320.000	0.013
4380.000	0.073	4380.000	0.144	4380.000	0.071	4380.000	0.045	4380.000	0.034	4380.000	0.002	4380.000	0.013
4440.000	0.074	4440.000	0.146	4440.000	0.073	4440.000	0.047	4440.000	0.034	4440.000	0.002	4440.000	0.012
4500.000	0.075	4500.000	0.149	4500.000	0.074	4500.000	0.049	4500.000	0.035	4500.000	0.002	4500.000	0.012
4560.000	0.076	4560.000	0.150	4560.000	0.076	4560.000	0.050	4560.000	0.036	4560.000	0.003	4560.000	0.012
4620.000	0.078	4620.000	0.153	4620.000	0.077	4620.000	0.051	4620.000	0.036	4620.000	0.003	4620.000	0.012
4680.000	0.079	4680.000	0.155	4680.000	0.079	4680.000	0.053	4680.000	0.037	4680.000	0.003	4680.000	0.012
4740.000	0.079	4740.000	0.159	4740.000	0.080	4740.000	0.054	4740.000	0.038	4740.000	0.004	4740.000	0.012
4800.000	0.080	4800.000	0.164	4800.000	0.082	4800.000	0.057	4800.000	0.038	4800.000	0.004	4800.000	0.012
4860.000	0.082	4860.000	0.160	4860.000	0.083	4860.000	0.058	4860.000	0.038	4860.000	0.004	4860.000	0.012
4920.000	0.081	4920.000	0.162	4920.000	0.085	4920.000	0.060	4920.000	0.039	4920.000	0.004	4920.000	0.012
4980.000	0.083	4980.000	0.164	4980.000	0.087	4980.000	0.063	4980.000	0.039	4980.000	0.004	4980.000	0.012
5040.000	0.084	5040.000	0.166	5040.000	0.088	5040.000	0.065	5040.000	0.040	5040.000	0.004	5040.000	0.012
5100.000	0.086	5100.000	0.170	5100.000	0.087	5100.000	0.066	5100.000	0.040	5100.000	0.005	5100.000	0.011
5160.000	0.088	5160.000	0.162	5160.000	0.088	5160.000	0.068	5160.000	0.041	5160.000	0.005	5160.000	0.012
5220.000	0.089	5220.000	0.162	5220.000	0.090	5220.000	0.070	5220.000	0.041	5220.000	0.005	5220.000	0.012
5280.000	0.090	5280.000	0.165	5280.000	0.092	5280.000	0.072	5280.000	0.042	5280.000	0.005	5280.000	0.011
5340.000	0.092	5340.000	0.168	5340.000	0.094	5340.000	0.074	5340.000	0.042	5340.000	0.006	5340.000	0.012
5400.000	0.094	5400.000	0.170	5400.000	0.095	5400.000	0.076	5400.000	0.043	5400.000	0.005	5400.000	0.011
5460.000	0.095	5460.000	0.172	5460.000	0.096	5460.000	0.078	5460.000	0.043	5460.000	0.006	5460.000	0.011
5520.000	0.090	5520.000	0.167	5520.000	0.092	5520.000	0.080	5520.000	0.044	5520.000	0.006	5520.000	0.011
5580.000	0.091	5580.000	0.169	5580.000	0.091	5580.000	0.082	5580.000	0.041	5580.000	0.006	5580.000	0.012
5640.000	0.085	5640.000	0.170	5640.000	0.092	5640.000	0.083	5640.000	0.043	5640.000	0.006	5640.000	0.012
5700.000	0.086	5700.000	0.172	5700.000	0.094	5700.000	0.071	5700.000	0.043	5700.000	0.006	5700.000	0.012
5760.000	0.087	5760.000	0.174	5760.000	0.098	5760.000	0.072	5760.000	0.043	5760.000	0.007	5760.000	0.012
5820.000	0.089	5820.000	0.176	5820.000	0.098	5820.000	0.074	5820.000	0.044	5820.000	0.007	5820.000	0.011
5880.000	0.090	5880.000	0.178	5880.000	0.099	5880.000	0.075	5880.000	0.045	5880.000	0.007	5880.000	0.011
5940.000	0.092	5940.000	0.180	5940.000	0.100	5940.000	0.077	5940.000	0.045	5940.000	0.007	5940.000	0.011
6000.000	0.092	6000.000	0.183	6000.000	0.101	6000.000	0.079	6000.000	0.046	6000.000	0.007	6000.000	0.011
6060.000	0.095	6060.000	0.186	6060.000	0.101	6060.000	0.080	6060.000	0.046	6060.000	0.008	6060.000	0.011
6120.000	0.096	6120.000	0.189	6120.000	0.102	6120.000	0.082	6120.000	0.047	6120.000	0.008	6120.000	0.011
6180.000	0.098	6180.000	0.192	6180.000	0.108	6180.000	0.084	6180.000	0.043	6180.000	0.008	6180.000	0.011
6240.000	0.101	6240.000	0.193	6240.000	0.109	6240.000	0.085	6240.000	0.044	6240.000	0.008	6240.000	0.011
6300.000	0.102	6300.000	0.193	6300.000	0.111	6300.000	0.087	6300.000	0.044	6300.000	0.008	6300.000	0.012
6360.000	0.104	6360.000	0.181	6360.000	0.116	6360.000	0.088	6360.000	0.045	6360.000	0.009	6360.000	0.011
6420.000	0.108	6420.000	0.185	6420.000	0.118	6420.000	0.090	6420.000	0.045	6420.000	0.009	6420.000	0.011
6480.000	0.103	6480.000	0.187	6480.000	0.120	6480.000	0.092	6480.000	0.045	6480.000	0.008	6480.000	0.011
6540.000	0.104	6540.000	0.190	6540.000	0.121	6540.000	0.094	6540.000	0.046	6540.000	0.009	6540.000	0.011
6600.000	0.105	6600.000	0.192	6600.000	0.123	6600.000	0.095	6600.000	0.047	6600.000	0.009	6600.000	0.011
6660.000	0.108	6660.000	0.194	6660.000	0.125	6660.000	0.097	6660.000	0.047	6660.000	0.009	6660.000	0.011
6720.000	0.118	6720.000	0.196	6720.000	0.126	6720.000	0.099	6720.000	0.048	6720.000	0.009	6720.000	0.011
6780.000	0.119	6780.000	0.199	6780.000	0.127	6780.000	0.100	6780.000	0.048	6780.000	0.010	6780.000	0.011
6840.000	0.091	6840.000	0.202	6840.000	0.129	6840.000	0.102	6840.000	0.049	6840.000	0.010	6840.000	0.011
6900.000	0.091	6900.000	0.204	6900.000	0.118	6900.000	0.104	6900.000	0.049	6900.000	0.010	6900.000	0.011
6960.000	0.092	6960.000	0.205	6960.000	0.120	6960.000	0.106	6960.000	0.050	6960.000	0.010	6960.000	0.011
7020.000	0.094	7020.000	0.200	7020.000	0.121	7020.000	0.108	7020.000	0.050	7020.000	0.010	7020.000	0.011
7080.000	0.095	7080.000	0.202	7080.000	0.123	7080.000	0.110	7080.000	0.051	7080.000	0.011	7080.000	0.011
7140.000	0.096	7140.000	0.205	7140.000	0.124	7140.000	0.112	7140.000	0.051	7140.000	0.011	7140.000	0.011
7200.000	0.099	7200.000	0.206	7200.000	0.126	7200.000	0.113	7200.000	0.052	7200.000	0.011	7200.000	0.011
7260.000	0.099	7260.000	0.205	7260.000	0.128	7260.000	0.115	7260.000	0.047	7260.000	0.011	7260.000	0.011
7320.000	0.102	7320.000	0.211	7320.000	0.129	7320.000	0.117	7320.000	0.047	7320.000	0.011	7320.000	0.011
7380.000	0.103	7380.000	0.209	7380.000	0.131	7380.000	0.118	7380.000	0.047	7380.000	0.012	7380.000	0.011
7440.000	0.105	7440.000	0.212	7440.000	0.132	7440.000	0.120	7440.000	0.048	7440.000	0.012	7440.000	0.012
7500.000	0.108	7500.000	0.213	7500.000	0.134	7500.000	0.122	7500.000	0.049	7500.000	0.012	7500.000	0.011
7560.000	0.110	7560.000	0.215	7560.000	0.152	7560.000	0.124	7560.000	0.049	7560.000	0.012	7560.000	0.011
7620.000	0.108	7620.000	0.217	7620.000	0.154	7620.000	0.126	7620.000	0.050	7620.000	0.013	7620.000	0.011
7680.000	0.109	7680.000	0.222	7680.000	0.156	7680.000	0.128	7680.000	0.050	7680.000	0.012	7680.000	0.012
7740.000	0.109	7740.000	0.224	7740.000	0.159	7740.000	0.129	7740.000	0.050	7740.000	0.013	7740.000	0.012
7800.000	0.109	7800.000	0.214	7800.000	0.161	7800.000	0.130	7800.000	0.051	7800.000	0.013	7800.000	0.012
7860.000	0.111	7860.000	0.216	7860.000	0.163	7860.000	0.111	7860.000	0.051	7860.000	0.013	7860.000	0.011
7920.000	0.112	7920.000	0.218	7920.000	0.165	7920.000	0.112	7920.000	0.052	7920.000	0.013	7920.000	0.012
7980.000	0.113	7980.000	0.221	7980.000	0.166	7980.000	0.114	7980.000	0.052	7980.000	0.014	7980.000	0.012
8040.000	0.115	8040.000	0.222	8040.000	0.167	8040.000	0.088	8040.000	0.053	8040.000	0.014	8040.000	0.012
8100.000	0.116	8100.000	0.225	8100.000	0.169	8100.000	0.090	8100.000	0.053	8100.000	0.014	8100.000	0.011
8160.000	0.117	8160.000	0.227	8160.000	0.172	8160.000	0.091	8160.000	0.054	8160.000	0.015	8160.000	0.012
8220.000	0.119	8220.000	0.229	8220.000	0.172	8220.000	0.091	8220.000	0.054	8220.000	0.015	8220.000	0.011
8280.000	0.120	8280.000	0.232	8280.000	0.172	8280.000	0.093	8280.000	0.055	8280.000	0.015	8280.000	0.011
8340.000	0.122	8340.000	0.234	8340.000	0.164	8340.000	0.094	8340.000	0.055	8340.000	0.015	8340.000	0.012
8400.000	0.123	8400.000	0.234	8400.000	0.112	8400.000	0.094	8400.000	0.055	8400.000	0.015	8400.000	0.012
8460.000	0.124	8460.000	0.237	8460.000	0.113	8460.000	0.096	8460.000	0.056	8460.000	0.016	8460.000	0.012
8520.000	0.125	8520.000	0.240	8520.000	0.113	8520.000	0.098	8520.000	0.056	8520.000	0.016	8520.000	0.012
8580.000	0.127	8580.000	0.242	8580.000	0.114	8580.000	0.099	8580.000	0.057	8580.000	0.016	8580.000	0.012
8640.000	0.128	8640.000	0.242	8640.000	0.117	8640.000	0.100	8640.000	0.058	8640.000	0.016	8640.000	0.012
8700.000	0.130	8700.000	0.233	8700.000	0.122	8700.000	0.100	8700.000	0.058	8700.000	0.016	8700.000	0.012
8760.000	0.132	8760.000	0.240	8760.000	0.114	8760.000	0.102	8760.000	0.059	8760.000	0.017	8760.000	0.012
8820.000	0.133	8820.000	0.247	8820.000	0.115	8820.000	0.103	8820.000	0.059	8820.000	0.017	8820.000	0.012
8880.000	0.134	8880.000	0.256	8880.000	0.116	8880.000	0.104	8880.000	0.060	8880.000	0.017	8880.000	0.012
8940.000	0.135	8940.000	0.259	8940.000	0.117	8940.000	0.105	8940.000	0.061	8940.000	0.017	8940.000	0.012
9000.000	0.138	9000.000	0.262	9000.000	0.117	9000.000	0.107	9000.000	0.061	9000.000	0.017	9000.000	0.012
9060.000	0.139	9060.000	0.264	9060.000	0.118	9060.000	0.108	9060.000	0.062	9060.000	0.018	9060.000	0.012
9120.000	0.141	9120.000	0.265	9120.000	0.121	9120.000	0.110	9120.000	0.062	9120.000	0.018	9120.000	0.012
9180.000	0.143	9180.000	0.274	9180.000	0.122	9180.000	0.111	9180.000	0.063	9180.000	0.018	9180.000	0.012
9240.000	0.145	9240.000	0.273	9240.000	0.123	9240.000	0.112	9240.000	0.064	9240.000	0.018	9240.000	0.012
9300.000	0.147	9300.000	0.250	9300.000	0.124	9300.000	0.113	9300.000	0.064	9300.000	0.018	9300.000	0.012
9360.000	0.152	9360.000	0.246	9360.000	0.126	9360.000	0.114	9360.000	0.064	9360.000	0.019	9360.000	0.012
9420.000	0.089	9420.000	0.245	9420.000	0.127	9420.000	0.115	9420.000	0.065	9420.000	0.019	9420.000	0.012
9480.000	0.082	9480.000	0.229	9480.000	0.129	9480.000	0.117	9480.000	0.066	9480.000	0.019	9480.000	0.012
9540.000	0.084	9540.000	0.232	9540.000	0.130	9540.000	0.120	9540.000	0.067	9540.000	0.019	9540.000	0.012
9600.000	0.085	9600.000	0.213	9600.000	0.132	9600.000	0.098	9600.000	0.067	9600.000	0.019	9600.000	0.012
9660.000	0.087	9660.000	0.215	9660.000	0.038	9660.000	0.099	9660.000	0.068	9660.000	0.020	9660.000	0.012
9720.000	0.088	9720.000	0.222	9720.000	0.039	9720.000	0.100	9720.000	0.068	9720.000	0.020	9720.000	0.012
9780.000	0.080	9780.000	0.218	9780.000	0.040	9780.000	0.101	9780.000	0.069	9780.000	0.020	9780.000	0.012
9840.000	0.082	9840.000	0.219	9840.000	0.041	9840.000	0.102	9840.000	0.074	9840.000	0.020	9840.000	0.012
9900.000	0.083	9900.000	0.221	9900.000	0.042	9900.000	0.103	9900.000	0.075	9900.000	0.020	9900.000	0.012
9960.000	0.085	9960.000	0.223	9960.000	0.044	9960.000	0.103	9960.000	0.075	9960.000	0.020	9960.000	0.012
10020.000	0.087	10020.000	0.224	10020.000	0.041	10020.000	0.102	10020.000	0.076	10020.000	0.021	10020.000	0.012
10080.000	0.089	10080.000	0.227	10080.000	0.041	10080.000	0.046	10080.000	0.077	10080.000	0.021	10080.000	0.012
10140.000	0.090	10140.000	0.228	10140.000	0.043	10140.000	0.046	10140.000	0.077	10140.000	0.021	10140.000	0.012
10200.000	0.092	10200.000	0.230	10200.000	0.044	10200.000	0.044	10200.000	0.078	10200.000	0.021	10200.000	0.012
10260.000	0.094	10260.000	0.232	10260.000	0.045	10260.000	0.040	10260.000	0.079	10260.000	0.022	10260.000	0.012
10320.000	0.095	10320.000	0.234	10320.000	0.045	10320.000	0.039	10320.000	0.079	10320.000	0.022	10320.000	0.012
10380.000	0.097	10380.000	0.243	10380.000	0.046	10380.000	0.038	10380.000	0.080	10380.000	0.022	10380.000	0.012
10440.000	0.098	10440.000	0.244	10440.000	0.048	10440.000	0.037	10440.000	0.081	10440.000	0.022	10440.000	0.012
10500.000	0.100	10500.000	0.246	10500.000	0.048	10500.000	0.035	10500.000	0.081	10500.000	0.022	10500.000	0.012
10560.000	0.102	10560.000	0.248	10560.000	0.049	10560.000	0.030	10560.000	0.082	10560.000	0.023	10560.000	0.012
10620.000	0.104	10620.000	0.250	10620.000	0.050	10620.000	0.025	10620.000	0.083	10620.000	0.023	10620.000	0.012
10680.000	0.106	10680.000	0.252	10680.000	0.051	10680.000	0.024	10680.000	0.083	10680.000	0.023	10680.000	0.012
10740.000	0.108	10740.000	0.254	10740.000	0.053	10740.000	0.026	10740.000	0.084	10740.000	0.023	10740.000	0.012
10800.000	0.109	10800.000	0.256	10800.000	0.053	10800.000	0.026	10800.000	0.085	10800.000	0.023	10800.000	0.012
10860.000	0.111	10860.000	0.257	10860.000	0.054	10860.000	0.026	10860.000	0.085	10860.000	0.023	10860.000	0.013
10920.000	0.112	10920.000	0.259	10920.000	0.055	10920.000	0.027	10920.000	0.086	10920.000	0.024	10920.000	0.012
10980.000	0.114	10980.000	0.262	10980.000	0.056	10980.000	0.027	10980.000	0.086	10980.000	0.024	10980.000	0.013
11040.000	0.115	11040.000	0.263	11040.000	0.058	11040.000	0.027	11040.000	0.087	11040.000	0.024	11040.000	0.013
11100.000	0.118	11100.000	0.265	11100.000	0.059	11100.000	0.029	11100.000	0.088	11100.000	0.024	11100.000	0.013
11160.000	0.119	11160.000	0.270	11160.000	0.060	11160.000	0.029	11160.000	0.089	11160.000	0.025	11160.000	0.013
11220.000	0.121	11220.000	0.273	11220.000	0.062	11220.000	0.030	11220.000	0.089	11220.000	0.025	11220.000	0.013
11280.000	0.123	11280.000	0.274	11280.000	0.063	11280.000	0.029	11280.000	0.090	11280.000	0.025	11280.000	0.013
11340.000	0.124	11340.000	0.276	11340.000	0.064	11340.000	0.031	11340.000	0.091	11340.000	0.025	11340.000	0.012
11400.000	0.127	11400.000	0.278	11400.000	0.065	11400.000	0.031	11400.000	0.091	11400.000	0.025	11400.000	0.013
11460.000	0.129	11460.000	0.281	11460.000	0.066	11460.000	0.032	11460.000	0.092	11460.000	0.026	11460.000	0.013
11520.000	0.130	11520.000	0.282	11520.000	0.067	11520.000	0.032	11520.000	0.093	11520.000	0.025	11520.000	0.013
11580.000	0.133	11580.000	0.284	11580.000	0.068	11580.000	0.032	11580.000	0.094	11580.000	0.026	11580.000	0.012
11640.000	0.135	11640.000	0.286	11640.000	0.069	11640.000	0.033	11640.000	0.094	11640.000	0.026	11640.000	0.013
11700.000	0.137	11700.000	0.288	11700.000	0.070	11700.000	0.034	11700.000	0.095	11700.000	0.026	11700.000	0.013
11760.000	0.129	11760.000	0.290	11760.000	0.070	11760.000	0.034	11760.000	0.096	11760.000	0.027	11760.000	0.013
11820.000	0.131	11820.000	0.292	11820.000	0.070	11820.000	0.034	11820.000	0.097	11820.000	0.027	11820.000	0.013
11880.000	0.133	11880.000	0.294	11880.000	0.050	11880.000	0.035	11880.000	0.097	11880.000	0.027	11880.000	0.013
11940.000	0.135	11940.000	0.289	11940.000	0.051	11940.000	0.036	11940.000	0.098	11940.000	0.027	11940.000	0.013
12000.000	0.137	12000.000	0.291	12000.000	0.052	12000.000	0.036	12000.000	0.099	12000.000	0.027	12000.000	0.013
12060.000	0.140	12060.000	0.292	12060.000	0.053	12060.000	0.037	12060.000	0.099	12060.000	0.028	12060.000	0.013
12120.000	0.141	12120.000	0.294	12120.000	0.053	12120.000	0.037	12120.000	0.100	12120.000	0.028	12120.000	0.013
12180.000	0.143	12180.000	0.296	12180.000	0.054	12180.000	0.038	12180.000	0.101	12180.000	0.028	12180.000	0.013
12240.000	0.145	12240.000	0.297	12240.000	0.055	12240.000	0.039	12240.000	0.101	12240.000	0.028	12240.000	0.013
12300.000	0.147	12300.000	0.299	12300.000	0.056	12300.000	0.039	12300.000	0.097	12300.000	0.028	12300.000	0.013
12360.000	0.148	12360.000	0.301	12360.000	0.057	12360.000	0.040	12360.000	0.097	12360.000	0.028	12360.000	0.013
12420.000	0.150	12420.000	0.302	12420.000	0.058	12420.000	0.041	12420.000	0.098	12420.000	0.029	12420.000	0.013
12480.000	0.151	12480.000	0.304	12480.000	0.059	12480.000	0.042	12480.000	0.098	12480.000	0.029	12480.000	0.013
12540.000	0.154	12540.000	0.306	12540.000	0.060	12540.000	0.043	12540.000	0.099	12540.000	0.029	12540.000	0.013
12600.000	0.156	12600.000	0.308	12600.000	0.061	12600.000	0.059	12600.000	0.100	12600.000	0.029	12600.000	0.013
12660.000	0.158	12660.000	0.245	12660.000	0.062	12660.000	0.025	12660.000	0.100	12660.000	0.029	12660.000	0.013
12720.000	0.126	12720.000	0.247	12720.000	0.063	12720.000	0.021	12720.000	0.101	12720.000	0.030	12720.000	0.013
12780.000	0.121	12780.000	0.249	12780.000	0.064	12780.000	0.011	12780.000	0.101	12780.000	0.030	12780.000	0.013
12840.000	0.113	12840.000	0.250	12840.000	0.065	12840.000	0.011	12840.000	0.102	12840.000	0.030	12840.000	0.013
12900.000	0.115	12900.000	0.251	12900.000	0.066	12900.000	0.012	12900.000	0.103	12900.000	0.030	12900.000	0.014
12960.000	0.114	12960.000	0.252	12960.000	0.067	12960.000	0.013	12960.000	0.103	12960.000	0.031	12960.000	0.013
13020.000	0.114	13020.000	0.253	13020.000	0.068	13020.000	0.014	13020.000	0.104	13020.000	0.031	13020.000	0.014
13080.000	0.114	13080.000	0.254	13080.000	0.069	13080.000	0.015	13080.000	0.104	13080.000	0.031	13080.000	0.014
13140.000	0.114	13140.000	0.255	13140.000	0.070	13140.000	0.016	13140.000	0.105	13140.000	0.031	13140.000	0.013
13200.000	0.116	13200.000	0.256	13200.000	0.071	13200.000	0.018	13200.000	0.106	13200.000	0.031	13200.000	0.014
13260.000	0.118	13260.000	0.257	13260.000	0.072	13260.000	0.019	13260.000	0.106	13260.000	0.032	13260.000	0.014
13320.000	0.125	13320.000	0.258	13320.000	0.073	13320.000	0.020	13320.000	0.107	13320.000	0.031	13320.000	0.014
13380.000	0.125	13380.000	0.260	13380.000	0.074	13380.000	0.021	13380.000	0.107	13380.000	0.032	13380.000	0.014
13440.000	0.107	13440.000	0.261	13440.000	0.075	13440.000	0.023	13440.000	0.108	13440.000	0.032	13440.000	0.014
13500.000	0.108	13500.000	0.262	13500.000	0.076	13500.000	0.024	13500.000	0.109	13500.000	0.032	13500.000	0.014
13560.000	0.110	13560.000	0.264	13560.000	0.078	13560.000	0.025	13560.000	0.109	13560.000	0.032	13560.000	0.014
13620.000	0.111	13620.000	0.241	13620.000	0.078	13620.000	0.026	13620.000	0.110	13620.000	0.033	13620.000	0.014
13680.000	0.111	13680.000	0.242	13680.000	0.080	13680.000	0.027	13680.000	0.110	13680.000	0.033	13680.000	0.014
13740.000	0.113	13740.000	0.244	13740.000	0.082	13740.000	0.029	13740.000	0.111	13740.000	0.033	13740.000	0.014
13800.000	0.114	13800.000	0.245	13800.000	0.083	13800.000	0.003	13800.000	0.112	13800.000	0.033	13800.000	0.014
13860.000	0.106	13860.000	0.246	13860.000	0.084	13860.000	0.004	13860.000	0.113	13860.000	0.033	13860.000	0.014
13920.000	0.106	13920.000	0.248	13920.000	0.085	13920.000	0.006	13920.000	0.113	13920.000	0.033	13920.000	0.014
13980.000	0.107	13980.000	0.247	13980.000	0.087	13980.000	0.007	13980.000	0.113	13980.000	0.034	13980.000	0.014
14040.000	0.106	14040.000	0.249	14040.000	0.088	14040.000	0.008	14040.000	0.114	14040.000	0.034	14040.000	0.014
14100.000	0.099	14100.000	0.249	14100.000	0.089	14100.000	0.009	14100.000	0.115	14100.000	0.034	14100.000	0.014
14160.000	0.101	14160.000	0.251	14160.000	0.091	14160.000	0.011	14160.000	0.115	14160.000	0.034	14160.000	0.014
14220.000	0.102	14220.000	0.251	14220.000	0.073	14220.000	0.012	14220.000	0.116	14220.000	0.034	14220.000	0.014
14280.000	0.103	14280.000	0.250	14280.000	0.074	14280.000	0.013	14280.000	0.117	14280.000	0.035	14280.000	0.014
14340.000	0.105	14340.000	0.130	14340.000	0.076	14340.000	0.014	14340.000	0.118	14340.000	0.035	14340.000	0.014
14400.000	0.106	14400.000	0.130	14400.000	0.077	14400.000	0.015	14400.000	0.118	14400.000	0.035	14400.000	0.014
14460.000	0.107	14460.000	0.131	14460.000	0.078	14460.000	0.017	14460.000	0.118	14460.000	0.035	14460.000	0.014
14520.000	0.108	14520.000	0.142	14520.000	0.080	14520.000	0.018	14520.000	0.119	14520.000	0.035	14520.000	0.014
14580.000	0.110	14580.000	0.132	14580.000	0.081	14580.000	0.019	14580.000	0.119	14580.000	0.036	14580.000	0.014
14640.000	0.111	14640.000	0.132	14640.000	0.083	14640.000	0.021	14640.000	0.120	14640.000	0.036	14640.000	0.014
14700.000	0.112	14700.000	0.133	14700.000	0.081	14700.000	0.022	14700.000	0.121	14700.000	0.036	14700.000	0.015
14760.000	0.114	14760.000	0.134	14760.000	0.082	14760.000	0.023	14760.000	0.121	14760.000	0.036	14760.000	0.014
14820.000	0.115	14820.000	0.135	14820.000	0.083	14820.000	0.024	14820.000	0.121	14820.000	0.036	14820.000	0.015
14880.000	0.116	14880.000	0.136	14880.000	0.084	14880.000	0.026	14880.000	0.122	14880.000	0.036	14880.000	0.015
14940.000	0.117	14940.000	0.136	14940.000	0.086	14940.000	0.028	14940.000	0.123	14940.000	0.037	14940.000	0.015
15000.000	0.119	15000.000	0.138	15000.000	0.087	15000.000	0.029	15000.000	0.123	15000.000	0.037	15000.000	0.014
15060.000	0.120	15060.000	0.138	15060.000	0.088	15060.000	0.030	15060.000	0.124	15060.000	0.037	15060.000	0.015
15120.000	0.122	15120.000	0.138	15120.000	0.090	15120.000	0.031	15120.000	0.125	15120.000	0.038	15120.000	0.015
15180.000	0.123	15180.000	0.139	15180.000	0.091	15180.000	0.034	15180.000	0.125	15180.000	0.038	15180.000	0.015
15240.000	0.125	15240.000	0.141	15240.000	0.092	15240.000	0.034	15240.000	0.126	15240.000	0.038	15240.000	0.015
15300.000	0.126	15300.000	0.141	15300.000	0.094	15300.000	0.036	15300.000	0.127	15300.000	0.038	15300.000	0.015
15360.000	0.128	15360.000	0.143	15360.000	0.096	15360.000	0.038	15360.000	0.128	15360.000	0.038	15360.000	0.015
15420.000	0.130	15420.000	0.144	15420.000	0.094	15420.000	0.040	15420.000	0.128	15420.000	0.039	15420.000	0.015
15480.000	0.132	15480.000	0.145	15480.000	0.096	15480.000	0.041	15480.000	0.129	15480.000	0.039	15480.000	0.015
15540.000	0.133	15540.000	0.146	15540.000	0.096	15540.000	0.043	15540.000	0.129	15540.000	0.038	15540.000	0.015
15600.000	0.135	15600.000	0.148	15600.000	0.098	15600.000	0.044	15600.000	0.130	15600.000	0.039	15600.000	0.015
15660.000	0.137	15660.000	0.152	15660.000	0.099	15660.000	0.047	15660.000	0.131	15660.000	0.039	15660.000	0.015
15720.000	0.138	15720.000	0.153	15720.000	0.100	15720.000	0.048	15720.000	0.131	15720.000	0.039	15720.000	0.015
15780.000	0.140	15780.000	0.142	15780.000	0.102	15780.000	0.049	15780.000	0.132	15780.000	0.040	15780.000	0.015
15840.000	0.142	15840.000	0.149	15840.000	0.103	15840.000	0.051	15840.000	0.132	15840.000	0.040	15840.000	0.015
15900.000	0.143	15900.000	0.147	15900.000	0.104	15900.000	0.053	15900.000	0.133	15900.000	0.040	15900.000	0.015
15960.000	0.145	15960.000	0.147	15960.000	0.106	15960.000	0.055	15960.000	0.133	15960.000	0.040	15960.000	0.015
16020.000	0.137	16020.000	0.147	16020.000	0.108	16020.000	0.057	16020.000	0.134	16020.000	0.040	16020.000	0.015
16080.000	0.138	16080.000	0.148	16080.000	0.109	16080.000	0.059	16080.000	0.135	16080.000	0.040	16080.000	0.015
16140.000	0.138	16140.000	0.149	16140.000	0.111	16140.000	0.060	16140.000	0.136	16140.000	0.040	16140.000	0.015
16200.000	0.138	16200.000	0.150	16200.000	0.112	16200.000	0.062	16200.000	0.136	16200.000	0.041	16200.000	0.015
16260.000	0.137	16260.000	0.152	16260.000	0.114	16260.000	0.064	16260.000	0.137	16260.000	0.041	16260.000	0.015
16320.000	0.136	16320.000	0.153	16320.000	0.115	16320.000	0.066	16320.000	0.138	16320.000	0.041	16320.000	0.015
16380.000	0.134	16380.000	0.154	16380.000	0.117	16380.000	0.068	16380.000	0.138	16380.000	0.041	16380.000	0.015
16440.000	0.131	16440.000	0.156	16440.000	0.119	16440.000	0.070	16440.000	0.139	16440.000	0.042	16440.000	0.016
16500.000	0.135	16500.000	0.157	16500.000	0.120	16500.000	0.072	16500.000	0.139	16500.000	0.041	16500.000	0.015
16560.000	0.154	16560.000	0.158	16560.000	0.122	16560.000	0.074	16560.000	0.140	16560.000	0.042	16560.000	0.015
16620.000	0.151	16620.000	0.160	16620.000	0.124	16620.000	0.076	16620.000	0.140	16620.000	0.042	16620.000	0.016
16680.000	0.163	16680.000	0.162	16680.000	0.125	16680.000	0.035	16680.000	0.140	16680.000	0.042	16680.000	0.015
16740.000	0.163	16740.000	0.163	16740.000	0.127	16740.000	0.036	16740.000	0.141	16740.000	0.042	16740.000	0.016
16800.000	0.164	16800.000	0.165	16800.000	0.129	16800.000	0.037	16800.000	0.141	16800.000	0.043	16800.000	0.016
16860.000	0.166	16860.000	0.167	16860.000	0.131	16860.000	0.038	16860.000	0.142	16860.000	0.043	16860.000	0.016
16920.000	0.167	16920.000	0.170	16920.000	0.133	16920.000	0.040	16920.000	0.142	16920.000	0.043	16920.000	0.015
16980.000	0.168	16980.000	0.171	16980.000	0.136	16980.000	0.041	16980.000	0.142	16980.000	0.043	16980.000	0.016
17040.000	0.170	17040.000	0.174	17040.000	0.141	17040.000	0.042	17040.000	0.142	17040.000	0.043	17040.000	0.016
17100.000	0.171	17100.000	0.175	17100.000	0.060	17100.000	0.043	17100.000	0.142	17100.000	0.043	17100.000	0.016
17160.000	0.172	17160.000	0.176	17160.000	0.061	17160.000	0.044	17160.000	0.142	17160.000	0.044	17160.000	0.016
17220.000	0.174	17220.000	0.177	17220.000	0.061	17220.000	0.045	17220.000	0.142	17220.000	0.044	17220.000	0.016
17280.000	0.175	17280.000	0.199	17280.000	0.062	17280.000	0.047	17280.000	0.141	17280.000	0.044	17280.000	0.016
17340.000	0.176	17340.000	0.199	17340.000	0.063	17340.000	0.048	17340.000	0.142	17340.000	0.044	17340.000	0.016
17400.000	0.176	17400.000	0.201	17400.000	0.064	17400.000	0.048	17400.000	0.142	17400.000	0.044	17400.000	0.016
17460.000	0.177	17460.000	0.203	17460.000	0.065	17460.000	0.050	17460.000	0.142	17460.000	0.045	17460.000	0.016
17520.000	0.179	17520.000	0.205	17520.000	0.066	17520.000	0.051	17520.000	0.138	17520.000	0.045	17520.000	0.016
17580.000	0.179	17580.000	0.207	17580.000	0.067	17580.000	0.019	17580.000	0.139	17580.000	0.045	17580.000	0.016
17640.000	0.179	17640.000	0.210	17640.000	0.068	17640.000	0.020	17640.000	0.140	17640.000	0.045	17640.000	0.016
17700.000	0.181	17700.000	0.212	17700.000	0.068	17700.000	0.020	17700.000	0.140	17700.000	0.045	17700.000	0.016
17760.000	0.181	17760.000	0.214	17760.000	0.069	17760.000	0.021	17760.000	0.141	17760.000	0.045	17760.000	0.016
17820.000	0.181	17820.000	0.217	17820.000	0.070	17820.000	0.022	17820.000	0.141	17820.000	0.046	17820.000	0.016
17880.000	0.178	17880.000	0.218	17880.000	0.071	17880.000	0.023	17880.000	0.142	17880.000	0.046	17880.000	0.016
17940.000	0.171	17940.000	0.220	17940.000	0.070	17940.000	0.024	17940.000	0.142	17940.000	0.046	17940.000	0.016
18000.000	0.170	18000.000	0.221	18000.000	0.071	18000.000	0.025	18000.000	0.143	18000.000	0.046	18000.000	0.017
18060.000	0.169	18060.000	0.223	18060.000	0.072	18060.000	0.026	18060.000	0.143	18060.000	0.046	18060.000	0.016
18120.000	0.167	18120.000	0.220	18120.000	0.073	18120.000	0.026	18120.000	0.144	18120.000	0.046	18120.000	0.017
18180.000	0.150	18180.000	0.127	18180.000	0.074	18180.000	0.027	18180.000	0.145	18180.000	0.047	18180.000	0.016
18240.000	0.153	18240.000	0.130	18240.000	0.076	18240.000	0.027	18240.000	0.145	18240.000	0.047	18240.000	0.017
18300.000	0.123	18300.000	0.117	18300.000	0.077	18300.000	0.028	18300.000	0.146	18300.000	0.047	18300.000	0.017
18360.000	0.124	18360.000	0.117	18360.000	0.078	18360.000	0.029	18360.000	0.147	18360.000	0.047	18360.000	0.017
18420.000	0.073	18420.000	0.118	18420.000	0.079	18420.000	0.030	18420.000	0.147	18420.000	0.047	18420.000	0.017
18480.000	0.073	18480.000	0.120	18480.000	0.079	18480.000	0.031	18480.000	0.148	18480.000	0.048	18480.000	0.017
18540.000	0.074	18540.000	0.120	18540.000	0.080	18540.000	0.032	18540.000	0.148	18540.000	0.048	18540.000	0.017
18600.000	0.074	18600.000	0.121	18600.000	0.081	18600.000	0.033	18600.000	0.149	18600.000	0.048	18600.000	0.017
18660.000	0.075	18660.000	0.122	18660.000	0.082	18660.000	0.034	18660.000	0.150	18660.000	0.048	18660.000	0.017
18720.000	0.075	18720.000	0.124	18720.000	0.084	18720.000	0.035	18720.000	0.150	18720.000	0.048	18720.000	0.017
18780.000	0.076	18780.000	0.124	18780.000	0.084	18780.000	0.036	18780.000	0.151	18780.000	0.049	18780.000	0.017
18840.000	0.076	18840.000	0.126	18840.000	0.067	18840.000	0.037	18840.000	0.151	18840.000	0.049	18840.000	0.017
													
													
													
