Batch	rate129.rre						
Evolution 600	161008						
Sample	Sample001	Sample	Sample002	Sample	Sample003	Sample	Sample004
Data Mode	A	Data Mode	A	Data Mode	A	Data Mode	A
Smoothing	None	Smoothing	None	Smoothing	None	Smoothing	None
Date Collected	8/29/2010	Date Collected	8/29/2010	Date Collected	8/29/2010	Date Collected	8/29/2010
Time Collected	6:06:51AM	Time Collected	6:06:58AM	Time Collected	6:07:06AM	Time Collected	6:07:13AM
							
Substrate Conc.	195.8820 mmol/L	Substrate Conc.	195.8820 mmol/L	Substrate Conc.	3.8790 mmol/L	Substrate Conc.	3.8790 mmol/L
ss.sss	Value	ss.sss	Value	ss.sss	Value	ss.sss	Value
0.000	0.000	0.000	-0.014	0.000	-0.023	0.000	-0.032
31.000	0.000	31.000	-0.014	31.000	-0.022	31.000	-0.032
62.000	0.000	62.000	-0.014	62.000	-0.022	62.000	-0.032
93.000	0.000	93.000	-0.014	93.000	-0.023	93.000	-0.033
124.000	0.001	124.000	-0.013	124.000	-0.023	124.000	-0.032
155.000	0.001	155.000	-0.013	155.000	-0.023	155.000	-0.032
186.000	0.002	186.000	-0.013	186.000	-0.023	186.000	-0.032
217.000	0.002	217.000	-0.013	217.000	-0.023	217.000	-0.032
248.000	0.002	248.000	-0.013	248.000	-0.023	248.000	-0.032
279.000	0.002	279.000	-0.013	279.000	-0.022	279.000	-0.032
310.000	0.003	310.000	-0.012	310.000	-0.023	310.000	-0.033
341.000	0.003	341.000	-0.012	341.000	-0.023	341.000	-0.032
372.000	0.004	372.000	-0.012	372.000	-0.022	372.000	-0.032
403.000	0.004	403.000	-0.011	403.000	-0.023	403.000	-0.033
434.000	0.004	434.000	-0.011	434.000	-0.022	434.000	-0.032
465.000	0.005	465.000	-0.011	465.000	-0.022	465.000	-0.032
496.000	0.005	496.000	-0.011	496.000	-0.022	496.000	-0.032
527.000	0.006	527.000	-0.011	527.000	-0.022	527.000	-0.032
558.000	0.006	558.000	-0.010	558.000	-0.022	558.000	-0.032
589.000	0.006	589.000	-0.010	589.000	-0.022	589.000	-0.032
620.000	0.007	620.000	-0.009	620.000	-0.022	620.000	-0.032
651.000	0.007	651.000	-0.009	651.000	-0.023	651.000	-0.032
682.000	0.008	682.000	-0.009	682.000	-0.022	682.000	-0.032
713.000	0.008	713.000	-0.009	713.000	-0.023	713.000	-0.032
744.000	0.009	744.000	-0.009	744.000	-0.022	744.000	-0.032
775.000	0.009	775.000	-0.008	775.000	-0.022	775.000	-0.032
806.000	0.010	806.000	-0.008	806.000	-0.022	806.000	-0.031
837.000	0.010	837.000	-0.008	837.000	-0.022	837.000	-0.032
868.000	0.011	868.000	-0.008	868.000	-0.022	868.000	-0.032
899.000	0.012	899.000	-0.007	899.000	-0.022	899.000	-0.032
930.000	0.013	930.000	-0.007	930.000	-0.022	930.000	-0.031
961.000	0.013	961.000	-0.007	961.000	-0.022	961.000	-0.032
992.000	0.013	992.000	-0.006	992.000	-0.022	992.000	-0.032
1023.000	0.014	1023.000	-0.006	1023.000	-0.022	1023.000	-0.032
1054.000	0.014	1054.000	-0.005	1054.000	-0.022	1054.000	-0.031
1085.000	0.014	1085.000	-0.005	1085.000	-0.022	1085.000	-0.032
1116.000	0.015	1116.000	-0.005	1116.000	-0.022	1116.000	-0.032
1147.000	0.016	1147.000	-0.005	1147.000	-0.022	1147.000	-0.032
1178.000	0.017	1178.000	-0.004	1178.000	-0.022	1178.000	-0.031
1209.000	0.017	1209.000	-0.004	1209.000	-0.022	1209.000	-0.031
1240.000	0.018	1240.000	-0.003	1240.000	-0.022	1240.000	-0.031
1271.000	0.019	1271.000	-0.003	1271.000	-0.022	1271.000	-0.031
1302.000	0.019	1302.000	-0.002	1302.000	-0.022	1302.000	-0.031
1333.000	0.020	1333.000	-0.002	1333.000	-0.022	1333.000	-0.031
1364.000	0.020	1364.000	-0.002	1364.000	-0.022	1364.000	-0.032
1395.000	0.021	1395.000	-0.001	1395.000	-0.022	1395.000	-0.031
1426.000	0.021	1426.000	-0.001	1426.000	-0.022	1426.000	-0.031
1457.000	0.023	1457.000	0.000	1457.000	-0.022	1457.000	-0.031
1488.000	0.024	1488.000	0.000	1488.000	-0.022	1488.000	-0.031
1519.000	0.024	1519.000	0.001	1519.000	-0.022	1519.000	-0.031
1550.000	0.023	1550.000	0.002	1550.000	-0.022	1550.000	-0.031
1581.000	0.024	1581.000	0.002	1581.000	-0.022	1581.000	-0.031
1612.000	0.024	1612.000	0.002	1612.000	-0.022	1612.000	-0.031
1643.000	0.025	1643.000	0.002	1643.000	-0.021	1643.000	-0.031
1674.000	0.026	1674.000	0.003	1674.000	-0.022	1674.000	-0.031
1705.000	0.026	1705.000	0.004	1705.000	-0.022	1705.000	-0.030
1736.000	0.027	1736.000	0.005	1736.000	-0.022	1736.000	-0.031
1767.000	0.027	1767.000	0.004	1767.000	-0.022	1767.000	-0.031
1798.000	0.028	1798.000	0.006	1798.000	-0.022	1798.000	-0.030
1829.000	0.028	1829.000	0.006	1829.000	-0.022	1829.000	-0.031
1860.000	0.029	1860.000	0.007	1860.000	-0.021	1860.000	-0.030
1891.000	0.030	1891.000	0.007	1891.000	-0.021	1891.000	-0.031
1922.000	0.031	1922.000	0.008	1922.000	-0.022	1922.000	-0.030
1953.000	0.031	1953.000	0.008	1953.000	-0.021	1953.000	-0.031
1984.000	0.033	1984.000	0.009	1984.000	-0.022	1984.000	-0.031
2015.000	0.033	2015.000	0.010	2015.000	-0.022	2015.000	-0.030
2046.000	0.033	2046.000	0.011	2046.000	-0.022	2046.000	-0.030
2077.000	0.035	2077.000	0.011	2077.000	-0.021	2077.000	-0.031
2108.000	0.036	2108.000	0.011	2108.000	-0.021	2108.000	-0.030
2139.000	0.036	2139.000	0.011	2139.000	-0.022	2139.000	-0.031
2170.000	0.038	2170.000	0.013	2170.000	-0.021	2170.000	-0.030
2201.000	0.036	2201.000	0.013	2201.000	-0.021	2201.000	-0.030
2232.000	0.037	2232.000	0.014	2232.000	-0.021	2232.000	-0.030
2263.000	0.038	2263.000	0.014	2263.000	-0.021	2263.000	-0.030
2294.000	0.038	2294.000	0.015	2294.000	-0.021	2294.000	-0.030
2325.000	0.039	2325.000	0.016	2325.000	-0.022	2325.000	-0.030
2356.000	0.039	2356.000	0.016	2356.000	-0.022	2356.000	-0.031
2387.000	0.039	2387.000	0.017	2387.000	-0.021	2387.000	-0.030
2418.000	0.040	2418.000	0.018	2418.000	-0.021	2418.000	-0.030
2449.000	0.041	2449.000	0.018	2449.000	-0.021	2449.000	-0.030
2480.000	0.041	2480.000	0.018	2480.000	-0.021	2480.000	-0.030
2511.000	0.043	2511.000	0.019	2511.000	-0.021	2511.000	-0.030
2542.000	0.044	2542.000	0.020	2542.000	-0.021	2542.000	-0.030
2573.000	0.044	2573.000	0.019	2573.000	-0.021	2573.000	-0.030
2604.000	0.041	2604.000	0.020	2604.000	-0.021	2604.000	-0.030
2635.000	0.041	2635.000	0.021	2635.000	-0.021	2635.000	-0.030
2666.000	0.042	2666.000	0.021	2666.000	-0.022	2666.000	-0.030
2697.000	0.042	2697.000	0.022	2697.000	-0.021	2697.000	-0.030
2728.000	0.044	2728.000	0.023	2728.000	-0.021	2728.000	-0.030
2759.000	0.044	2759.000	0.023	2759.000	-0.021	2759.000	-0.030
2790.000	0.045	2790.000	0.024	2790.000	-0.021	2790.000	-0.030
2821.000	0.045	2821.000	0.025	2821.000	-0.022	2821.000	-0.030
2852.000	0.045	2852.000	0.026	2852.000	-0.021	2852.000	-0.030
2883.000	0.046	2883.000	0.026	2883.000	-0.021	2883.000	-0.030
2914.000	0.047	2914.000	0.027	2914.000	-0.021	2914.000	-0.030
2945.000	0.047	2945.000	0.028	2945.000	-0.021	2945.000	-0.030
2976.000	0.048	2976.000	0.031	2976.000	-0.021	2976.000	-0.030
3007.000	0.048	3007.000	0.025	3007.000	-0.021	3007.000	-0.030
3038.000	0.049	3038.000	0.025	3038.000	-0.021	3038.000	-0.030
3069.000	0.049	3069.000	0.027	3069.000	-0.021	3069.000	-0.030
3100.000	0.050	3100.000	0.027	3100.000	-0.021	3100.000	-0.030
3131.000	0.051	3131.000	0.028	3131.000	-0.021	3131.000	-0.030
3162.000	0.051	3162.000	0.029	3162.000	-0.021	3162.000	-0.030
3193.000	0.050	3193.000	0.030	3193.000	-0.021	3193.000	-0.030
3224.000	0.051	3224.000	0.025	3224.000	-0.021	3224.000	-0.030
3255.000	0.051	3255.000	0.025	3255.000	-0.021	3255.000	-0.029
3286.000	0.052	3286.000	0.026	3286.000	-0.021	3286.000	-0.030
3317.000	0.052	3317.000	0.026	3317.000	-0.021		
							
							
							
