Batch	rate150.rre												
Evolution 600	161008												
Sample	Sample001	Sample	Sample002	Sample	Sample003	Sample	Sample004	Sample	Sample005	Sample	Sample006	Sample	Sample007
Data Mode	A	Data Mode	A	Data Mode	A	Data Mode	A	Data Mode	A	Data Mode	A	Data Mode	A
Smoothing	None	Smoothing	None	Smoothing	None	Smoothing	None	Smoothing	None	Smoothing	None	Smoothing	None
Date Collected	9/13/2010	Date Collected	9/13/2010	Date Collected	9/13/2010	Date Collected	9/13/2010	Date Collected	9/13/2010	Date Collected	9/13/2010	Date Collected	9/13/2010
Time Collected	10:01:38PM	Time Collected	10:01:45PM	Time Collected	10:01:52PM	Time Collected	10:01:59PM	Time Collected	10:02:07PM	Time Collected	10:02:14PM	Time Collected	10:02:22PM
ss.sss	Value	ss.sss	Value	ss.sss	Value	ss.sss	Value	ss.sss	Value	ss.sss	Value	ss.sss	Value
0.000	0.001	0.000	-0.002	0.000	-0.001	0.000	0.004	0.000	0.011	0.000	0.013	0.000	-0.005
60.000	0.000	60.000	-0.002	60.000	-0.002	60.000	0.004	60.000	0.012	60.000	0.013	60.000	-0.004
120.000	0.000	120.000	-0.002	120.000	-0.002	120.000	0.004	120.000	0.012	120.000	0.014	120.000	-0.004
180.000	0.001	180.000	-0.003	180.000	-0.002	180.000	0.003	180.000	0.012	180.000	0.014	180.000	-0.005
240.000	0.001	240.000	-0.002	240.000	-0.001	240.000	0.004	240.000	0.012	240.000	0.014	240.000	-0.005
300.000	0.001	300.000	-0.002	300.000	-0.001	300.000	0.004	300.000	0.012	300.000	0.015	300.000	-0.005
360.000	0.001	360.000	-0.002	360.000	-0.002	360.000	0.003	360.000	0.012	360.000	0.015	360.000	-0.005
420.000	0.000	420.000	-0.002	420.000	-0.002	420.000	0.004	420.000	0.012	420.000	0.016	420.000	-0.005
480.000	0.002	480.000	-0.002	480.000	-0.001	480.000	0.004	480.000	0.012	480.000	0.016	480.000	-0.004
540.000	0.002	540.000	-0.002	540.000	-0.001	540.000	0.004	540.000	0.012	540.000	0.016	540.000	-0.004
600.000	0.002	600.000	-0.002	600.000	-0.001	600.000	0.004	600.000	0.013	600.000	0.016	600.000	-0.005
660.000	0.002	660.000	-0.002	660.000	-0.001	660.000	0.004	660.000	0.012	660.000	0.017	660.000	-0.005
720.000	0.000	720.000	-0.002	720.000	-0.001	720.000	0.004	720.000	0.013	720.000	0.017	720.000	-0.005
780.000	0.002	780.000	-0.002	780.000	-0.001	780.000	0.004	780.000	0.013	780.000	0.018	780.000	-0.005
840.000	0.003	840.000	-0.002	840.000	-0.001	840.000	0.004	840.000	0.013	840.000	0.018	840.000	-0.005
900.000	0.003	900.000	-0.002	900.000	-0.001	900.000	0.004	900.000	0.013	900.000	0.018	900.000	-0.005
960.000	0.004	960.000	-0.002	960.000	-0.001	960.000	0.004	960.000	0.013	960.000	0.018	960.000	-0.005
1020.000	0.003	1020.000	-0.002	1020.000	-0.001	1020.000	0.004	1020.000	0.014	1020.000	0.018	1020.000	-0.005
1080.000	0.002	1080.000	-0.001	1080.000	-0.001	1080.000	0.004	1080.000	0.014	1080.000	0.018	1080.000	-0.005
1140.000	0.003	1140.000	-0.002	1140.000	-0.002	1140.000	0.004	1140.000	0.014	1140.000	0.019	1140.000	-0.005
1200.000	0.002	1200.000	-0.002	1200.000	-0.001	1200.000	0.004	1200.000	0.014	1200.000	0.019	1200.000	-0.005
1260.000	0.004	1260.000	-0.002	1260.000	-0.001	1260.000	0.004	1260.000	0.014	1260.000	0.019	1260.000	-0.005
1320.000	0.004	1320.000	-0.001	1320.000	-0.002	1320.000	0.004	1320.000	0.015	1320.000	0.020	1320.000	-0.005
1380.000	0.003	1380.000	-0.002	1380.000	-0.001	1380.000	0.004	1380.000	0.015	1380.000	0.020	1380.000	-0.005
1440.000	0.004	1440.000	-0.002	1440.000	-0.001	1440.000	0.004	1440.000	0.015	1440.000	0.020	1440.000	-0.005
1500.000	0.003	1500.000	-0.002	1500.000	-0.001	1500.000	0.004	1500.000	0.015	1500.000	0.020	1500.000	-0.005
1560.000	0.005	1560.000	-0.001	1560.000	-0.001	1560.000	0.004	1560.000	0.015	1560.000	0.021	1560.000	-0.005
1620.000	0.004	1620.000	-0.001	1620.000	-0.001	1620.000	0.004	1620.000	0.016	1620.000	0.021	1620.000	-0.005
1680.000	0.004	1680.000	-0.001	1680.000	-0.001	1680.000	0.004	1680.000	0.015	1680.000	0.021	1680.000	-0.005
1740.000	0.004	1740.000	-0.001	1740.000	-0.001	1740.000	0.004	1740.000	0.016	1740.000	0.021	1740.000	-0.005
1800.000	0.005	1800.000	-0.001	1800.000	-0.001	1800.000	0.004	1800.000	0.016	1800.000	0.021	1800.000	-0.005
1860.000	0.003	1860.000	-0.001	1860.000	-0.001	1860.000	0.004	1860.000	0.016	1860.000	0.021	1860.000	-0.005
1920.000	0.005	1920.000	-0.001	1920.000	-0.001	1920.000	0.004	1920.000	0.016	1920.000	0.022	1920.000	-0.005
1980.000	0.004	1980.000	-0.001	1980.000	-0.001	1980.000	0.004	1980.000	0.016	1980.000	0.022	1980.000	-0.005
2040.000	0.006	2040.000	-0.001	2040.000	-0.002	2040.000	0.004	2040.000	0.016	2040.000	0.022	2040.000	-0.005
2100.000	0.005	2100.000	-0.001	2100.000	-0.001	2100.000	0.004	2100.000	0.017	2100.000	0.022	2100.000	-0.005
2160.000	0.006	2160.000	-0.001	2160.000	-0.001	2160.000	0.004	2160.000	0.017	2160.000	0.022	2160.000	-0.005
2220.000	0.005	2220.000	-0.001	2220.000	-0.002	2220.000	0.004	2220.000	0.017	2220.000	0.023	2220.000	-0.005
2280.000	0.005	2280.000	-0.001	2280.000	-0.001	2280.000	0.004	2280.000	0.017	2280.000	0.023	2280.000	-0.005
2340.000	0.005	2340.000	-0.001	2340.000	-0.001	2340.000	0.005	2340.000	0.017	2340.000	0.023	2340.000	-0.005
2400.000	0.006	2400.000	-0.001	2400.000	-0.001	2400.000	0.004	2400.000	0.018	2400.000	0.023	2400.000	-0.005
2460.000	0.006	2460.000	-0.001	2460.000	-0.001	2460.000	0.004	2460.000	0.018	2460.000	0.023	2460.000	-0.005
2520.000	0.006	2520.000	-0.001	2520.000	-0.001	2520.000	0.004	2520.000	0.018	2520.000	0.023	2520.000	-0.005
2580.000	0.005	2580.000	0.000	2580.000	-0.001	2580.000	0.004	2580.000	0.018	2580.000	0.023	2580.000	-0.005
2640.000	0.006	2640.000	-0.001	2640.000	-0.001	2640.000	0.004	2640.000	0.019	2640.000	0.024	2640.000	-0.005
2700.000	0.006	2700.000	0.000	2700.000	-0.002	2700.000	0.004	2700.000	0.019	2700.000	0.024	2700.000	-0.005
2760.000	0.003	2760.000	-0.001	2760.000	-0.001	2760.000	0.004	2760.000	0.019	2760.000	0.023	2760.000	-0.005
2820.000	0.005	2820.000	-0.001	2820.000	-0.001	2820.000	0.004	2820.000	0.019	2820.000	0.024	2820.000	-0.005
2880.000	0.006	2880.000	0.000	2880.000	-0.001	2880.000	0.004	2880.000	0.019	2880.000	0.024	2880.000	-0.005
2940.000	0.006	2940.000	-0.001	2940.000	-0.001	2940.000	0.004	2940.000	0.019	2940.000	0.024	2940.000	-0.005
3000.000	0.006	3000.000	0.000	3000.000	-0.001	3000.000	0.004	3000.000	0.020	3000.000	0.024	3000.000	-0.005
3060.000	0.006	3060.000	0.000	3060.000	-0.001	3060.000	0.004	3060.000	0.020	3060.000	0.024	3060.000	-0.005
3120.000	0.006	3120.000	0.000	3120.000	-0.001	3120.000	0.004	3120.000	0.020	3120.000	0.024	3120.000	-0.005
3180.000	0.006	3180.000	0.000	3180.000	-0.001	3180.000	0.004	3180.000	0.020	3180.000	0.024	3180.000	-0.005
3240.000	0.006	3240.000	0.000	3240.000	-0.001	3240.000	0.004	3240.000	0.020	3240.000	0.025	3240.000	-0.005
3300.000	0.006	3300.000	0.000	3300.000	-0.001	3300.000	0.004	3300.000	0.020	3300.000	0.025	3300.000	-0.005
3360.000	0.006	3360.000	0.000	3360.000	-0.001	3360.000	0.005	3360.000	0.020	3360.000	0.025	3360.000	-0.005
3420.000	0.006	3420.000	0.000	3420.000	-0.001	3420.000	0.004	3420.000	0.020	3420.000	0.025	3420.000	-0.005
3480.000	0.006	3480.000	0.000	3480.000	-0.001	3480.000	0.004	3480.000	0.020	3480.000	0.025	3480.000	-0.005
3540.000	0.006	3540.000	0.000	3540.000	-0.001	3540.000	0.004	3540.000	0.021	3540.000	0.025	3540.000	-0.005
3600.000	0.006	3600.000	0.000	3600.000	-0.001	3600.000	0.004	3600.000	0.021	3600.000	0.025	3600.000	-0.005
3660.000	0.006	3660.000	0.000	3660.000	-0.001	3660.000	0.004	3660.000	0.021	3660.000	0.025	3660.000	-0.005
3720.000	0.006	3720.000	0.001	3720.000	-0.001	3720.000	0.004	3720.000	0.022	3720.000	0.025	3720.000	-0.005
3780.000	0.006	3780.000	0.000	3780.000	-0.001	3780.000	0.005	3780.000	0.021	3780.000	0.025	3780.000	-0.005
3840.000	0.006	3840.000	0.000	3840.000	-0.001	3840.000	0.005	3840.000	0.022	3840.000	0.025	3840.000	-0.005
3900.000	0.007	3900.000	0.000	3900.000	-0.001	3900.000	0.004	3900.000	0.022	3900.000	0.025	3900.000	-0.005
3960.000	0.006	3960.000	0.001	3960.000	-0.001	3960.000	0.004	3960.000	0.022	3960.000	0.025	3960.000	-0.005
4020.000	0.007	4020.000	0.000	4020.000	-0.001	4020.000	0.004	4020.000	0.022	4020.000	0.025	4020.000	-0.005
4080.000	0.007	4080.000	0.000	4080.000	-0.001	4080.000	0.004	4080.000	0.022	4080.000	0.025	4080.000	-0.005
4140.000	0.007	4140.000	0.001	4140.000	-0.001	4140.000	0.005	4140.000	0.022	4140.000	0.025	4140.000	-0.005
4200.000	0.005	4200.000	0.001	4200.000	-0.001	4200.000	0.004	4200.000	0.022	4200.000	0.025	4200.000	-0.005
4260.000	0.006	4260.000	0.001	4260.000	-0.001	4260.000	0.004	4260.000	0.022	4260.000	0.026	4260.000	-0.004
4320.000	0.005	4320.000	0.000	4320.000	-0.001	4320.000	0.004	4320.000	0.022	4320.000	0.025	4320.000	-0.005
4380.000	0.007	4380.000	0.001	4380.000	-0.001	4380.000	0.005	4380.000	0.023	4380.000	0.025	4380.000	-0.005
4440.000	0.007	4440.000	0.000	4440.000	-0.001	4440.000	0.005	4440.000	0.023	4440.000	0.025	4440.000	-0.005
4500.000	0.007	4500.000	0.001	4500.000	-0.001	4500.000	0.004	4500.000	0.022	4500.000	0.026	4500.000	-0.005
4560.000	0.007	4560.000	0.000	4560.000	-0.001	4560.000	0.004	4560.000	0.023	4560.000	0.026	4560.000	-0.005
4620.000	0.007	4620.000	0.001	4620.000	-0.001	4620.000	0.004	4620.000	0.023	4620.000	0.026	4620.000	-0.005
4680.000	0.007	4680.000	0.001	4680.000	-0.001	4680.000	0.004	4680.000	0.023	4680.000	0.026	4680.000	-0.005
4740.000	0.007	4740.000	0.001	4740.000	-0.001	4740.000	0.004	4740.000	0.023	4740.000	0.025	4740.000	-0.005
4800.000	0.007	4800.000	0.001	4800.000	-0.001	4800.000	0.004	4800.000	0.023	4800.000	0.026	4800.000	-0.005
4860.000	0.007	4860.000	0.001	4860.000	-0.001	4860.000	0.004	4860.000	0.023	4860.000	0.026	4860.000	-0.004
4920.000	0.007	4920.000	0.000	4920.000	-0.001	4920.000	0.004	4920.000	0.023	4920.000	0.026	4920.000	-0.004
4980.000	0.007	4980.000	0.001	4980.000	-0.001	4980.000	0.005	4980.000	0.023	4980.000	0.026	4980.000	-0.004
5040.000	0.007	5040.000	0.001	5040.000	-0.001	5040.000	0.005	5040.000	0.023	5040.000	0.025	5040.000	-0.005
5100.000	0.007	5100.000	0.001	5100.000	0.000	5100.000	0.004	5100.000	0.024	5100.000	0.026	5100.000	-0.004
5160.000	0.007	5160.000	0.001	5160.000	-0.001	5160.000	0.005	5160.000	0.024	5160.000	0.026	5160.000	-0.004
5220.000	0.007	5220.000	0.001	5220.000	0.000	5220.000	0.004	5220.000	0.024	5220.000	0.026	5220.000	-0.004
5280.000	0.008	5280.000	0.001	5280.000	-0.001	5280.000	0.004	5280.000	0.024	5280.000	0.026	5280.000	-0.005
5340.000	0.007	5340.000	0.001	5340.000	-0.001	5340.000	0.004	5340.000	0.024	5340.000	0.025	5340.000	-0.004
5400.000	0.005	5400.000	0.001	5400.000	-0.001	5400.000	0.004	5400.000	0.024	5400.000	0.026	5400.000	-0.005
5460.000	0.006	5460.000	0.001	5460.000	-0.001	5460.000	0.005	5460.000	0.024	5460.000	0.025	5460.000	-0.004
5520.000	0.005	5520.000	0.001	5520.000	-0.001	5520.000	0.005	5520.000	0.024	5520.000	0.026	5520.000	-0.004
5580.000	0.007	5580.000	0.001	5580.000	-0.001	5580.000	0.005	5580.000	0.024	5580.000	0.026	5580.000	-0.004
5640.000	0.007	5640.000	0.001	5640.000	-0.001	5640.000	0.005	5640.000	0.024	5640.000	0.025	5640.000	-0.004
5700.000	0.007	5700.000	0.001	5700.000	-0.001	5700.000	0.005	5700.000	0.024	5700.000	0.026	5700.000	-0.004
5760.000	0.007	5760.000	0.001	5760.000	-0.001	5760.000	0.005	5760.000	0.025	5760.000	0.026	5760.000	-0.004
5820.000	0.007	5820.000	0.001	5820.000	-0.001	5820.000	0.005	5820.000	0.025	5820.000	0.025	5820.000	-0.004
5880.000	0.007	5880.000	0.001	5880.000	-0.001	5880.000	0.005	5880.000	0.024	5880.000	0.025	5880.000	-0.004
5940.000	0.006	5940.000	0.001	5940.000	-0.001	5940.000	0.005	5940.000	0.025	5940.000	0.026	5940.000	-0.004
6000.000	0.007	6000.000	0.001	6000.000	-0.001	6000.000	0.005	6000.000	0.025	6000.000	0.025	6000.000	-0.004
6060.000	0.008	6060.000	0.001	6060.000	-0.001	6060.000	0.005	6060.000	0.025	6060.000	0.026	6060.000	-0.004
6120.000	0.007	6120.000	0.001	6120.000	-0.001	6120.000	0.005	6120.000	0.025	6120.000	0.025	6120.000	-0.004
6180.000	0.008	6180.000	0.001	6180.000	-0.001	6180.000	0.005	6180.000	0.025	6180.000	0.026	6180.000	-0.004
6240.000	0.008	6240.000	0.001	6240.000	-0.001	6240.000	0.005	6240.000	0.025	6240.000	0.026	6240.000	-0.004
6300.000	0.008	6300.000	0.001	6300.000	-0.001	6300.000	0.005	6300.000	0.025	6300.000	0.026	6300.000	-0.004
6360.000	0.005	6360.000	0.001	6360.000	0.000	6360.000	0.004	6360.000	0.025	6360.000	0.026	6360.000	-0.004
6420.000	0.006	6420.000	0.001	6420.000	-0.001	6420.000	0.005	6420.000	0.025	6420.000	0.025	6420.000	-0.004
6480.000	0.008	6480.000	0.001	6480.000	-0.001	6480.000	0.005	6480.000	0.025	6480.000	0.026	6480.000	-0.004
6540.000	0.007	6540.000	0.001	6540.000	-0.001	6540.000	0.005	6540.000	0.025	6540.000	0.026	6540.000	-0.004
6600.000	0.008	6600.000	0.001	6600.000	-0.001	6600.000	0.005	6600.000	0.026	6600.000	0.026	6600.000	-0.004
6660.000	0.008	6660.000	0.001	6660.000	-0.001	6660.000	0.005	6660.000	0.026	6660.000	0.025	6660.000	-0.004
6720.000	0.008	6720.000	0.002	6720.000	-0.001	6720.000	0.005	6720.000	0.026	6720.000	0.026	6720.000	-0.004
6780.000	0.008	6780.000	0.001	6780.000	-0.001	6780.000	0.005	6780.000	0.026	6780.000	0.026	6780.000	-0.004
6840.000	0.008	6840.000	0.001	6840.000	-0.001	6840.000	0.005	6840.000	0.026	6840.000	0.026	6840.000	-0.004
6900.000	0.008	6900.000	0.001	6900.000	-0.001	6900.000	0.005	6900.000	0.026	6900.000	0.026	6900.000	-0.004
6960.000	0.008	6960.000	0.001	6960.000	-0.001	6960.000	0.005	6960.000	0.026	6960.000	0.026	6960.000	-0.004
7020.000	0.008	7020.000	0.001	7020.000	-0.001	7020.000	0.005	7020.000	0.026	7020.000	0.026	7020.000	-0.004
7080.000	0.008	7080.000	0.001	7080.000	-0.001	7080.000	0.005	7080.000	0.026	7080.000	0.026	7080.000	-0.004
7140.000	0.008	7140.000	0.001	7140.000	-0.001	7140.000	0.005	7140.000	0.026	7140.000	0.026	7140.000	-0.004
7200.000	0.006	7200.000	0.001	7200.000	-0.001	7200.000	0.005	7200.000	0.026	7200.000	0.026	7200.000	-0.004
7260.000	0.007	7260.000	0.001	7260.000	-0.001	7260.000	0.005	7260.000	0.026	7260.000	0.026	7260.000	-0.004
7320.000	0.006	7320.000	0.001	7320.000	-0.001	7320.000	0.005	7320.000	0.026	7320.000	0.026	7320.000	-0.004
7380.000	0.008	7380.000	0.002	7380.000	-0.001	7380.000	0.005	7380.000	0.027	7380.000	0.026	7380.000	-0.004
7440.000	0.009	7440.000	0.002	7440.000	-0.001	7440.000	0.005	7440.000	0.026	7440.000	0.026	7440.000	-0.004
7500.000	0.008	7500.000	0.001	7500.000	-0.001	7500.000	0.005	7500.000	0.026	7500.000	0.026	7500.000	-0.004
7560.000	0.008	7560.000	0.002	7560.000	-0.001	7560.000	0.005	7560.000	0.026	7560.000	0.026	7560.000	-0.004
7620.000	0.008	7620.000	0.002	7620.000	-0.001	7620.000	0.005	7620.000	0.026	7620.000	0.026	7620.000	-0.004
7680.000	0.008	7680.000	0.002	7680.000	-0.001	7680.000	0.005	7680.000	0.027	7680.000	0.026	7680.000	-0.004
7740.000	0.008	7740.000	0.002	7740.000	-0.001	7740.000	0.005	7740.000	0.026	7740.000	0.026	7740.000	-0.004
7800.000	0.008	7800.000	0.002	7800.000	-0.001	7800.000	0.005	7800.000	0.026	7800.000	0.026	7800.000	-0.004
7860.000	0.008	7860.000	0.001	7860.000	-0.001	7860.000	0.005	7860.000	0.027	7860.000	0.026	7860.000	-0.004
7920.000	0.008	7920.000	0.001	7920.000	-0.001	7920.000	0.005	7920.000	0.027	7920.000	0.026	7920.000	-0.004
7980.000	0.008	7980.000	0.002	7980.000	-0.001	7980.000	0.005	7980.000	0.027	7980.000	0.026	7980.000	-0.004
8040.000	0.007	8040.000	0.001	8040.000	-0.001	8040.000	0.005	8040.000	0.027	8040.000	0.026	8040.000	-0.004
8100.000	0.008	8100.000	0.001	8100.000	-0.001	8100.000	0.005	8100.000	0.027	8100.000	0.026	8100.000	-0.003
8160.000	0.008	8160.000	0.002	8160.000	-0.001	8160.000	0.005	8160.000	0.027	8160.000	0.026	8160.000	-0.004
8220.000	0.008	8220.000	0.002	8220.000	-0.001	8220.000	0.005	8220.000	0.027	8220.000	0.026	8220.000	-0.004
8280.000	0.008	8280.000	0.002	8280.000	-0.001	8280.000	0.005	8280.000	0.027	8280.000	0.026	8280.000	-0.004
8340.000	0.008	8340.000	0.001	8340.000	-0.001	8340.000	0.005	8340.000	0.027	8340.000	0.026	8340.000	-0.003
8400.000	0.008	8400.000	0.002	8400.000	-0.001	8400.000	0.005	8400.000	0.027	8400.000	0.026	8400.000	-0.003
8460.000	0.008	8460.000	0.001	8460.000	-0.001	8460.000	0.005	8460.000	0.027	8460.000	0.026	8460.000	-0.003
8520.000	0.008	8520.000	0.002	8520.000	-0.001	8520.000	0.005	8520.000	0.027	8520.000	0.026	8520.000	-0.003
8580.000	0.008	8580.000	0.002	8580.000	-0.001	8580.000	0.005	8580.000	0.027	8580.000	0.026	8580.000	-0.003
8640.000	0.008	8640.000	0.002	8640.000	-0.001	8640.000	0.005	8640.000	0.028	8640.000	0.026	8640.000	-0.004
8700.000	0.006	8700.000	0.002	8700.000	-0.001	8700.000	0.005	8700.000	0.027	8700.000	0.026	8700.000	-0.004
8760.000	0.007	8760.000	0.002	8760.000	-0.001	8760.000	0.005	8760.000	0.027	8760.000	0.026	8760.000	-0.003
8820.000	0.006	8820.000	0.002	8820.000	-0.001	8820.000	0.005	8820.000	0.028	8820.000	0.026	8820.000	-0.003
8880.000	0.007	8880.000	0.002	8880.000	-0.001	8880.000	0.005	8880.000	0.028	8880.000	0.026	8880.000	-0.003
8940.000	0.007	8940.000	0.002	8940.000	-0.001	8940.000	0.005	8940.000	0.028	8940.000	0.026	8940.000	-0.003
9000.000	0.006	9000.000	0.002	9000.000	-0.001	9000.000	0.005	9000.000	0.028	9000.000	0.026	9000.000	-0.003
9060.000	0.005	9060.000	0.002	9060.000	-0.001	9060.000	0.005	9060.000	0.028	9060.000	0.026	9060.000	-0.004
9120.000	0.005	9120.000	0.002	9120.000	-0.001	9120.000	0.005	9120.000	0.028	9120.000	0.026	9120.000	-0.003
9180.000	0.008	9180.000	0.002	9180.000	-0.001	9180.000	0.005	9180.000	0.028	9180.000	0.026	9180.000	-0.003
9240.000	0.006	9240.000	0.002	9240.000	0.000	9240.000	0.005	9240.000	0.028	9240.000	0.026	9240.000	-0.003
9300.000	0.006	9300.000	0.002	9300.000	-0.001	9300.000	0.005	9300.000	0.028	9300.000	0.026	9300.000	-0.003
9360.000	0.006	9360.000	0.002	9360.000	-0.001	9360.000	0.005	9360.000	0.028	9360.000	0.026	9360.000	-0.003
9420.000	0.006	9420.000	0.001	9420.000	-0.001	9420.000	0.005	9420.000	0.028	9420.000	0.026	9420.000	-0.003
9480.000	0.008	9480.000	0.002	9480.000	-0.001	9480.000	0.005	9480.000	0.028	9480.000	0.026	9480.000	-0.003
9540.000	0.008	9540.000	0.002	9540.000	-0.001	9540.000	0.005	9540.000	0.028	9540.000	0.026	9540.000	-0.003
9600.000	0.008	9600.000	0.002	9600.000	-0.001	9600.000	0.005	9600.000	0.029	9600.000	0.026	9600.000	-0.003
9660.000	0.006	9660.000	0.002	9660.000	-0.001	9660.000	0.005	9660.000	0.028	9660.000	0.026	9660.000	-0.003
9720.000	0.006	9720.000	0.002	9720.000	-0.001	9720.000	0.005	9720.000	0.028	9720.000	0.026	9720.000	-0.003
9780.000	0.006	9780.000	0.002	9780.000	0.000	9780.000	0.005	9780.000	0.028	9780.000	0.026	9780.000	-0.003
9840.000	0.007	9840.000	0.002	9840.000	-0.001	9840.000	0.005	9840.000	0.028	9840.000	0.026	9840.000	-0.003
9900.000	0.006	9900.000	0.002	9900.000	0.000	9900.000	0.005	9900.000	0.028	9900.000	0.026	9900.000	-0.003
9960.000	0.004	9960.000	0.002	9960.000	-0.001	9960.000	0.005	9960.000	0.028	9960.000	0.026	9960.000	-0.003
10020.000	0.004	10020.000	0.002	10020.000	-0.001	10020.000	0.005	10020.000	0.029	10020.000	0.026	10020.000	-0.003
10080.000	0.008	10080.000	0.002	10080.000	-0.001	10080.000	0.005	10080.000	0.028	10080.000	0.026	10080.000	-0.003
10140.000	0.008	10140.000	0.002	10140.000	-0.001	10140.000	0.005	10140.000	0.029	10140.000	0.026	10140.000	-0.003
10200.000	0.008	10200.000	0.002	10200.000	-0.001	10200.000	0.005	10200.000	0.029	10200.000	0.025	10200.000	-0.003
10260.000	0.008	10260.000	0.002	10260.000	-0.001	10260.000	0.005	10260.000	0.029	10260.000	0.026	10260.000	-0.003
10320.000	0.008	10320.000	0.002	10320.000	-0.001	10320.000	0.005	10320.000	0.029	10320.000	0.025	10320.000	-0.003
10380.000	0.008	10380.000	0.002	10380.000	-0.001	10380.000	0.005	10380.000	0.029	10380.000	0.025	10380.000	-0.003
10440.000	0.008	10440.000	0.002	10440.000	-0.001	10440.000	0.005	10440.000	0.029	10440.000	0.026	10440.000	-0.003
10500.000	0.008	10500.000	0.002	10500.000	0.000	10500.000	0.005	10500.000	0.029	10500.000	0.025	10500.000	-0.003
10560.000	0.008	10560.000	0.002	10560.000	-0.001	10560.000	0.005	10560.000	0.029	10560.000	0.026	10560.000	-0.003
10620.000	0.008	10620.000	0.002	10620.000	-0.001	10620.000	0.005	10620.000	0.029	10620.000	0.025	10620.000	-0.003
10680.000	0.008	10680.000	0.002	10680.000	-0.001	10680.000	0.005	10680.000	0.029	10680.000	0.025	10680.000	-0.003
10740.000	0.008	10740.000	0.002	10740.000	0.000	10740.000	0.005	10740.000	0.029	10740.000	0.025	10740.000	-0.003
10800.000	0.008	10800.000	0.002	10800.000	-0.001	10800.000	0.005	10800.000	0.029	10800.000	0.026	10800.000	-0.003
10860.000	0.008	10860.000	0.002	10860.000	-0.001	10860.000	0.005	10860.000	0.029	10860.000	0.025	10860.000	-0.004
10920.000	0.008	10920.000	0.002	10920.000	-0.001	10920.000	0.005	10920.000	0.029	10920.000	0.025	10920.000	-0.003
10980.000	0.008	10980.000	0.002	10980.000	-0.001	10980.000	0.005	10980.000	0.029	10980.000	0.025	10980.000	-0.003
11040.000	0.008	11040.000	0.002	11040.000	-0.001	11040.000	0.005	11040.000	0.029	11040.000	0.025	11040.000	-0.003
11100.000	0.008	11100.000	0.002	11100.000	-0.001	11100.000	0.005	11100.000	0.030	11100.000	0.025	11100.000	-0.003
11160.000	0.008	11160.000	0.002	11160.000	-0.001	11160.000	0.005	11160.000	0.029	11160.000	0.025	11160.000	-0.003
11220.000	0.008	11220.000	0.002	11220.000	-0.001	11220.000	0.005	11220.000	0.030	11220.000	0.025	11220.000	-0.003
11280.000	0.007	11280.000	0.002	11280.000	-0.001	11280.000	0.005	11280.000	0.029	11280.000	0.025	11280.000	-0.003
11340.000	0.008	11340.000	0.002	11340.000	-0.001	11340.000	0.005	11340.000	0.030	11340.000	0.025	11340.000	-0.003
11400.000	0.008	11400.000	0.002	11400.000	-0.001	11400.000	0.005	11400.000	0.030	11400.000	0.025	11400.000	-0.003
11460.000	0.008	11460.000	0.002	11460.000	0.000	11460.000	0.005	11460.000	0.029	11460.000	0.025	11460.000	-0.003
11520.000	0.008	11520.000	0.002	11520.000	-0.001	11520.000	0.005	11520.000	0.029	11520.000	0.025	11520.000	-0.003
11580.000	0.008	11580.000	0.002	11580.000	-0.001	11580.000	0.005	11580.000	0.030	11580.000	0.025	11580.000	-0.003
11640.000	0.006	11640.000	0.002	11640.000	-0.001	11640.000	0.005	11640.000	0.030	11640.000	0.025	11640.000	-0.003
11700.000	0.007	11700.000	0.002	11700.000	-0.001	11700.000	0.005	11700.000	0.030	11700.000	0.025	11700.000	-0.003
11760.000	0.006	11760.000	0.002	11760.000	0.000	11760.000	0.005	11760.000	0.030	11760.000	0.025	11760.000	-0.003
11820.000	0.006	11820.000	0.002	11820.000	-0.001	11820.000	0.005	11820.000	0.030	11820.000	0.025	11820.000	-0.003
11880.000	0.007	11880.000	0.002	11880.000	-0.001	11880.000	0.005	11880.000	0.030	11880.000	0.025	11880.000	-0.003
11940.000	0.007	11940.000	0.002	11940.000	-0.001	11940.000	0.005	11940.000	0.030	11940.000	0.025	11940.000	-0.003
12000.000	0.008	12000.000	0.002	12000.000	-0.001	12000.000	0.005	12000.000	0.030	12000.000	0.025	12000.000	-0.003
12060.000	0.008	12060.000	0.002	12060.000	-0.001	12060.000	0.005	12060.000	0.030	12060.000	0.025	12060.000	-0.003
12120.000	0.008	12120.000	0.002	12120.000	0.000	12120.000	0.005	12120.000	0.030	12120.000	0.025	12120.000	-0.003
12180.000	0.008	12180.000	0.002	12180.000	-0.001	12180.000	0.005	12180.000	0.030	12180.000	0.025	12180.000	-0.003
12240.000	0.008	12240.000	0.002	12240.000	0.000	12240.000	0.005	12240.000	0.030	12240.000	0.025	12240.000	-0.003
12300.000	0.008	12300.000	0.002	12300.000	0.000	12300.000	0.005	12300.000	0.030	12300.000	0.025	12300.000	-0.003
12360.000	0.008	12360.000	0.002	12360.000	-0.001	12360.000	0.005	12360.000	0.030	12360.000	0.025	12360.000	-0.003
12420.000	0.008	12420.000	0.002	12420.000	-0.001	12420.000	0.005	12420.000	0.030	12420.000	0.025	12420.000	-0.002
12480.000	0.007	12480.000	0.002	12480.000	-0.001	12480.000	0.005	12480.000	0.030	12480.000	0.025	12480.000	-0.003
12540.000	0.007	12540.000	0.002	12540.000	-0.001	12540.000	0.005	12540.000	0.030	12540.000	0.025	12540.000	-0.003
12600.000	0.008	12600.000	0.002	12600.000	-0.001	12600.000	0.005	12600.000	0.030	12600.000	0.025	12600.000	-0.003
12660.000	0.007	12660.000	0.002	12660.000	-0.001	12660.000	0.005	12660.000	0.030	12660.000	0.025	12660.000	-0.003
12720.000	0.007	12720.000	0.002	12720.000	-0.001	12720.000	0.005	12720.000	0.030	12720.000	0.025	12720.000	-0.003
12780.000	0.008	12780.000	0.002	12780.000	-0.001	12780.000	0.005	12780.000	0.030	12780.000	0.025	12780.000	-0.003
12840.000	0.007	12840.000	0.002	12840.000	0.000	12840.000	0.005	12840.000	0.030	12840.000	0.025	12840.000	-0.003
12900.000	0.005	12900.000	0.002	12900.000	-0.001	12900.000	0.005	12900.000	0.030	12900.000	0.025	12900.000	-0.003
12960.000	0.006	12960.000	0.002	12960.000	0.000	12960.000	0.005	12960.000	0.030	12960.000	0.025	12960.000	-0.003
13020.000	0.008	13020.000	0.002	13020.000	-0.001	13020.000	0.005	13020.000	0.031	13020.000	0.025	13020.000	-0.003
13080.000	0.007	13080.000	0.002	13080.000	-0.001	13080.000	0.005	13080.000	0.031	13080.000	0.025	13080.000	-0.003
13140.000	0.008	13140.000	0.002	13140.000	0.000	13140.000	0.005	13140.000	0.031	13140.000	0.025	13140.000	-0.003
13200.000	0.007	13200.000	0.002	13200.000	0.000	13200.000	0.005	13200.000	0.031	13200.000	0.025	13200.000	-0.003
13260.000	0.006	13260.000	0.002	13260.000	-0.001	13260.000	0.005	13260.000	0.031	13260.000	0.025	13260.000	-0.003
13320.000	0.008	13320.000	0.002	13320.000	-0.001	13320.000	0.005	13320.000	0.030	13320.000	0.025	13320.000	-0.003
13380.000	0.008	13380.000	0.002	13380.000	0.000	13380.000	0.005	13380.000	0.031	13380.000	0.025	13380.000	-0.003
13440.000	0.008	13440.000	0.002	13440.000	-0.001	13440.000	0.005	13440.000	0.031	13440.000	0.025	13440.000	-0.003
13500.000	0.007	13500.000	0.002	13500.000	0.000	13500.000	0.006	13500.000	0.031	13500.000	0.025	13500.000	-0.002
13560.000	0.008	13560.000	0.002	13560.000	-0.001	13560.000	0.005	13560.000	0.031	13560.000	0.025	13560.000	-0.002
13620.000	0.008	13620.000	0.002	13620.000	-0.001	13620.000	0.005	13620.000	0.031	13620.000	0.025	13620.000	-0.003
13680.000	0.007	13680.000	0.002	13680.000	0.000	13680.000	0.005	13680.000	0.031	13680.000	0.024	13680.000	-0.003
13740.000	0.007	13740.000	0.002	13740.000	-0.001	13740.000	0.005	13740.000	0.031	13740.000	0.025	13740.000	-0.003
13800.000	0.007	13800.000	0.002	13800.000	-0.001	13800.000	0.005	13800.000	0.030	13800.000	0.025	13800.000	-0.003
13860.000	0.008	13860.000	0.002	13860.000	0.000	13860.000	0.005	13860.000	0.031	13860.000	0.025	13860.000	-0.003
13920.000	0.008	13920.000	0.002	13920.000	-0.001	13920.000	0.005	13920.000	0.031	13920.000	0.025	13920.000	-0.003
13980.000	0.008	13980.000	0.002	13980.000	-0.001	13980.000	0.006	13980.000	0.031	13980.000	0.025	13980.000	-0.003
14040.000	0.008	14040.000	0.002	14040.000	-0.001	14040.000	0.005	14040.000	0.031	14040.000	0.025	14040.000	-0.003
14100.000	0.006	14100.000	0.002	14100.000	-0.001	14100.000	0.005	14100.000	0.031	14100.000	0.025	14100.000	-0.003
14160.000	0.006	14160.000	0.002	14160.000	-0.001	14160.000	0.005	14160.000	0.031	14160.000	0.024	14160.000	-0.003
14220.000	0.007	14220.000	0.002	14220.000	-0.001	14220.000	0.005	14220.000	0.031	14220.000	0.025	14220.000	-0.002
14280.000	0.007	14280.000	0.002	14280.000	0.000	14280.000	0.005	14280.000	0.031	14280.000	0.025	14280.000	-0.003
14340.000	0.007	14340.000	0.002	14340.000	-0.001	14340.000	0.005	14340.000	0.031	14340.000	0.024	14340.000	-0.002
14400.000	0.007	14400.000	0.002	14400.000	-0.001	14400.000	0.005	14400.000	0.031	14400.000	0.024	14400.000	-0.002
14460.000	0.007	14460.000	0.002	14460.000	-0.001	14460.000	0.005	14460.000	0.031	14460.000	0.025	14460.000	-0.002
14520.000	0.007	14520.000	0.002	14520.000	-0.001	14520.000	0.005	14520.000	0.031	14520.000	0.025	14520.000	-0.002
14580.000	0.007	14580.000	0.002	14580.000	-0.001	14580.000	0.006	14580.000	0.031	14580.000	0.025	14580.000	-0.002
14640.000	0.007	14640.000	0.002	14640.000	-0.001	14640.000	0.005	14640.000	0.032	14640.000	0.025	14640.000	-0.003
14700.000	0.007	14700.000	0.002	14700.000	-0.001	14700.000	0.005	14700.000	0.031	14700.000	0.024	14700.000	-0.002
14760.000	0.007	14760.000	0.002	14760.000	-0.001	14760.000	0.005	14760.000	0.031	14760.000	0.025	14760.000	-0.002
14820.000	0.007	14820.000	0.002	14820.000	0.000	14820.000	0.005	14820.000	0.031	14820.000	0.024	14820.000	-0.002
14880.000	0.007	14880.000	0.002	14880.000	-0.001	14880.000	0.005	14880.000	0.031	14880.000	0.024	14880.000	-0.002
14940.000	0.007	14940.000	0.002	14940.000	0.000	14940.000	0.005	14940.000	0.031	14940.000	0.024	14940.000	-0.003
15000.000	0.007	15000.000	0.002	15000.000	-0.001	15000.000	0.005	15000.000	0.032	15000.000	0.025	15000.000	-0.003
15060.000	0.007	15060.000	0.002	15060.000	0.000	15060.000	0.005	15060.000	0.032	15060.000	0.025	15060.000	-0.002
15120.000	0.007	15120.000	0.002	15120.000	0.000	15120.000	0.005	15120.000	0.031	15120.000	0.025	15120.000	-0.003
15180.000	0.005	15180.000	0.001	15180.000	0.000	15180.000	0.005	15180.000	0.032	15180.000	0.025	15180.000	-0.003
15240.000	0.005	15240.000	0.002	15240.000	0.000	15240.000	0.005	15240.000	0.032	15240.000	0.025	15240.000	-0.002
15300.000	0.005	15300.000	0.002	15300.000	-0.001	15300.000	0.006	15300.000	0.032	15300.000	0.024	15300.000	-0.003
15360.000	0.007	15360.000	0.002	15360.000	-0.001	15360.000	0.006	15360.000	0.031	15360.000	0.025	15360.000	-0.002
15420.000	0.007	15420.000	0.002	15420.000	0.000	15420.000	0.005	15420.000	0.032	15420.000	0.024	15420.000	-0.002
15480.000	0.007	15480.000	0.002	15480.000	-0.001	15480.000	0.005	15480.000	0.032	15480.000	0.024	15480.000	-0.002
15540.000	0.007	15540.000	0.002	15540.000	0.000	15540.000	0.005	15540.000	0.031	15540.000	0.024	15540.000	-0.003
15600.000	0.007	15600.000	0.002	15600.000	0.000	15600.000	0.005	15600.000	0.032	15600.000	0.024	15600.000	-0.002
15660.000	0.007	15660.000	0.002	15660.000	-0.001	15660.000	0.005	15660.000	0.032	15660.000	0.024	15660.000	-0.002
15720.000	0.007	15720.000	0.002	15720.000	0.000	15720.000	0.005	15720.000	0.032	15720.000	0.024	15720.000	-0.003
15780.000	0.007	15780.000	0.002	15780.000	0.000	15780.000	0.005	15780.000	0.032	15780.000	0.024	15780.000	-0.002
15840.000	0.007	15840.000	0.002	15840.000	0.000	15840.000	0.005	15840.000	0.032	15840.000	0.024	15840.000	-0.003
15900.000	0.007	15900.000	0.002	15900.000	-0.001	15900.000	0.005	15900.000	0.032	15900.000	0.024	15900.000	-0.003
15960.000	0.007	15960.000	0.002	15960.000	-0.001	15960.000	0.005	15960.000	0.032	15960.000	0.024	15960.000	-0.002
16020.000	0.005	16020.000	0.002	16020.000	0.000	16020.000	0.006	16020.000	0.032	16020.000	0.024	16020.000	-0.003
16080.000	0.007	16080.000	0.002	16080.000	-0.001	16080.000	0.005	16080.000	0.032	16080.000	0.024	16080.000	-0.002
16140.000	0.006	16140.000	0.002	16140.000	-0.001	16140.000	0.006	16140.000	0.032	16140.000	0.024	16140.000	-0.003
16200.000	0.007	16200.000	0.002	16200.000	0.000	16200.000	0.005	16200.000	0.032	16200.000	0.024	16200.000	-0.002
16260.000	0.007	16260.000	0.002	16260.000	-0.001	16260.000	0.005	16260.000	0.032	16260.000	0.024	16260.000	-0.002
16320.000	0.007	16320.000	0.002	16320.000	0.000	16320.000	0.006	16320.000	0.032	16320.000	0.024	16320.000	-0.002
16380.000	0.007	16380.000	0.002	16380.000	0.000	16380.000	0.006	16380.000	0.032	16380.000	0.024	16380.000	-0.002
16440.000	0.007	16440.000	0.002	16440.000	0.000	16440.000	0.005	16440.000	0.032	16440.000	0.024	16440.000	-0.002
16500.000	0.005	16500.000	0.002	16500.000	0.000	16500.000	0.005	16500.000	0.032	16500.000	0.024	16500.000	-0.002
16560.000	0.005	16560.000	0.002	16560.000	-0.001	16560.000	0.005	16560.000	0.032	16560.000	0.024	16560.000	-0.002
16620.000	0.007	16620.000	0.002	16620.000	0.000	16620.000	0.005	16620.000	0.032	16620.000	0.024	16620.000	-0.002
16680.000	0.007	16680.000	0.002	16680.000	0.000	16680.000	0.005	16680.000	0.032	16680.000	0.024	16680.000	-0.002
16740.000	0.006	16740.000	0.002	16740.000	-0.001	16740.000	0.005	16740.000	0.032	16740.000	0.024	16740.000	-0.002
16800.000	0.006	16800.000	0.002	16800.000	0.000	16800.000	0.005	16800.000	0.032	16800.000	0.024	16800.000	-0.002
16860.000	0.007	16860.000	0.002	16860.000	0.000	16860.000	0.005	16860.000	0.032	16860.000	0.024	16860.000	-0.002
16920.000	0.007	16920.000	0.002	16920.000	-0.001	16920.000	0.006	16920.000	0.032	16920.000	0.024	16920.000	-0.002
16980.000	0.007	16980.000	0.002	16980.000	-0.001	16980.000	0.005	16980.000	0.033	16980.000	0.024	16980.000	-0.002
17040.000	0.006	17040.000	0.002	17040.000	-0.001	17040.000	0.006	17040.000	0.032	17040.000	0.024	17040.000	-0.002
17100.000	0.007	17100.000	0.002	17100.000	0.000	17100.000	0.005	17100.000	0.032	17100.000	0.024	17100.000	-0.002
17160.000	0.007	17160.000	0.002	17160.000	0.000	17160.000	0.005	17160.000	0.032	17160.000	0.024	17160.000	-0.002
17220.000	0.007	17220.000	0.002	17220.000	0.000	17220.000	0.005	17220.000	0.032	17220.000	0.024	17220.000	-0.002
17280.000	0.007	17280.000	0.002	17280.000	-0.001	17280.000	0.005	17280.000	0.032	17280.000	0.024	17280.000	-0.002
17340.000	0.007	17340.000	0.002	17340.000	-0.001	17340.000	0.006	17340.000	0.032	17340.000	0.024	17340.000	-0.002
17400.000	0.007	17400.000	0.002	17400.000	0.000	17400.000	0.005	17400.000	0.033	17400.000	0.024	17400.000	-0.002
17460.000	0.007	17460.000	0.002	17460.000	0.000	17460.000	0.006	17460.000	0.033	17460.000	0.024	17460.000	-0.002
17520.000	0.006	17520.000	0.002	17520.000	0.000	17520.000	0.006	17520.000	0.033	17520.000	0.024	17520.000	-0.002
17580.000	0.007	17580.000	0.002	17580.000	0.000	17580.000	0.005	17580.000	0.033	17580.000	0.024	17580.000	-0.002
17640.000	0.005	17640.000	0.002	17640.000	0.000	17640.000	0.005	17640.000	0.033	17640.000	0.024	17640.000	-0.002
17700.000	0.007	17700.000	0.002	17700.000	-0.001	17700.000	0.005	17700.000	0.033	17700.000	0.024	17700.000	-0.002
17760.000	0.007	17760.000	0.002	17760.000	-0.001	17760.000	0.005	17760.000	0.033	17760.000	0.023	17760.000	-0.002
17820.000	0.005	17820.000	0.002	17820.000	-0.001	17820.000	0.006	17820.000	0.033	17820.000	0.024	17820.000	-0.002
17880.000	0.005	17880.000	0.002	17880.000	-0.001	17880.000	0.005	17880.000	0.033	17880.000	0.024	17880.000	-0.002
17940.000	0.005	17940.000	0.002	17940.000	-0.001	17940.000	0.005	17940.000	0.033	17940.000	0.023	17940.000	-0.002
18000.000	0.005	18000.000	0.002	18000.000	-0.001	18000.000	0.006	18000.000	0.033	18000.000	0.023	18000.000	-0.002
18060.000	0.004	18060.000	0.002	18060.000	-0.001	18060.000	0.006	18060.000	0.033	18060.000	0.024	18060.000	-0.002
18120.000	0.005	18120.000	0.002	18120.000	0.000	18120.000	0.006	18120.000	0.033	18120.000	0.023	18120.000	-0.002
18180.000	0.005	18180.000	0.002	18180.000	-0.001	18180.000	0.006	18180.000	0.032	18180.000	0.024	18180.000	-0.002
18240.000	0.005	18240.000	0.002	18240.000	0.000	18240.000	0.006	18240.000	0.033	18240.000	0.024	18240.000	-0.002
18300.000	0.004	18300.000	0.002	18300.000	0.000	18300.000	0.006	18300.000	0.033	18300.000	0.024	18300.000	-0.002
18360.000	0.005	18360.000	0.002	18360.000	-0.001	18360.000	0.005	18360.000	0.033	18360.000	0.023	18360.000	-0.002
18420.000	0.005	18420.000	0.002	18420.000	0.000	18420.000	0.006	18420.000	0.033	18420.000	0.024	18420.000	-0.002
18480.000	0.005	18480.000	0.002	18480.000	-0.001	18480.000	0.005	18480.000	0.033	18480.000	0.023	18480.000	-0.002
18540.000	0.007	18540.000	0.002	18540.000	0.000	18540.000	0.006	18540.000	0.033	18540.000	0.023	18540.000	-0.002
18600.000	0.006	18600.000	0.002	18600.000	0.000	18600.000	0.006	18600.000	0.033	18600.000	0.023	18600.000	-0.002
18660.000	0.007	18660.000	0.002	18660.000	-0.001	18660.000	0.005	18660.000	0.033	18660.000	0.023	18660.000	-0.002
18720.000	0.006	18720.000	0.002	18720.000	0.000	18720.000	0.005	18720.000	0.033	18720.000	0.023	18720.000	-0.002
18780.000	0.006	18780.000	0.002	18780.000	0.000	18780.000	0.005	18780.000	0.033	18780.000	0.023	18780.000	-0.002
18840.000	0.006	18840.000	0.002	18840.000	-0.001	18840.000	0.006	18840.000	0.033	18840.000	0.023	18840.000	-0.002
18900.000	0.006	18900.000	0.002	18900.000	0.000	18900.000	0.006	18900.000	0.033	18900.000	0.023	18900.000	-0.002
18960.000	0.007	18960.000	0.002	18960.000	0.000	18960.000	0.006	18960.000	0.033	18960.000	0.023	18960.000	-0.002
19020.000	0.007	19020.000	0.002	19020.000	0.000	19020.000	0.005	19020.000	0.034	19020.000	0.023	19020.000	-0.002
19080.000	0.007	19080.000	0.002	19080.000	0.000	19080.000	0.005	19080.000	0.033	19080.000	0.023	19080.000	-0.002
19140.000	0.007	19140.000	0.002	19140.000	0.000	19140.000	0.006	19140.000	0.033	19140.000	0.023	19140.000	-0.002
19200.000	0.007	19200.000	0.002	19200.000	-0.001	19200.000	0.006	19200.000	0.033	19200.000	0.023	19200.000	-0.002
19260.000	0.007	19260.000	0.002	19260.000	-0.001	19260.000	0.005	19260.000	0.033	19260.000	0.023	19260.000	-0.002
19320.000	0.007	19320.000	0.002	19320.000	0.000	19320.000	0.006	19320.000	0.033	19320.000	0.023	19320.000	-0.002
19380.000	0.007	19380.000	0.002	19380.000	-0.001	19380.000	0.006	19380.000	0.033	19380.000	0.023	19380.000	-0.002
19440.000	0.006	19440.000	0.002	19440.000	0.000	19440.000	0.006	19440.000	0.033	19440.000	0.023	19440.000	-0.002
19500.000	0.006	19500.000	0.002	19500.000	-0.001	19500.000	0.006	19500.000	0.033	19500.000	0.023	19500.000	-0.002
19560.000	0.007	19560.000	0.002	19560.000	0.000	19560.000	0.005	19560.000	0.033	19560.000	0.023	19560.000	-0.002
19620.000	0.007	19620.000	0.002	19620.000	0.000	19620.000	0.005	19620.000	0.033	19620.000	0.023	19620.000	-0.002
19680.000	0.007	19680.000	0.002	19680.000	0.000	19680.000	0.006	19680.000	0.033	19680.000	0.023	19680.000	-0.002
19740.000	0.006	19740.000	0.002	19740.000	0.000	19740.000	0.005	19740.000	0.033	19740.000	0.023	19740.000	-0.002
19800.000	0.007	19800.000	0.002	19800.000	0.000	19800.000	0.006	19800.000	0.034	19800.000	0.023	19800.000	-0.002
19860.000	0.007	19860.000	0.002	19860.000	0.000	19860.000	0.006	19860.000	0.033	19860.000	0.023	19860.000	-0.002
19920.000	0.007	19920.000	0.002	19920.000	-0.001	19920.000	0.005	19920.000	0.033	19920.000	0.023	19920.000	-0.002
19980.000	0.006	19980.000	0.002	19980.000	0.000	19980.000	0.006	19980.000	0.033	19980.000	0.023	19980.000	-0.002
20040.000	0.006	20040.000	0.002	20040.000	0.000	20040.000	0.006	20040.000	0.034	20040.000	0.023	20040.000	-0.002
20100.000	0.007	20100.000	0.002	20100.000	-0.001	20100.000	0.006	20100.000	0.034	20100.000	0.023	20100.000	-0.002
20160.000	0.007	20160.000	0.002	20160.000	0.000	20160.000	0.005	20160.000	0.033	20160.000	0.023	20160.000	-0.002
20220.000	0.007	20220.000	0.002	20220.000	0.000	20220.000	0.006	20220.000	0.034	20220.000	0.023	20220.000	-0.002
20280.000	0.007	20280.000	0.002	20280.000	0.000	20280.000	0.005	20280.000	0.033	20280.000	0.023	20280.000	-0.002
20340.000	0.007	20340.000	0.002	20340.000	-0.001	20340.000	0.006	20340.000	0.034	20340.000	0.023	20340.000	-0.002
20400.000	0.007	20400.000	0.002	20400.000	-0.001	20400.000	0.006	20400.000	0.034	20400.000	0.023	20400.000	-0.002
20460.000	0.007	20460.000	0.002	20460.000	0.000	20460.000	0.006	20460.000	0.033	20460.000	0.023	20460.000	-0.002
20520.000	0.007	20520.000	0.002	20520.000	-0.001	20520.000	0.006	20520.000	0.034	20520.000	0.023	20520.000	-0.002
20580.000	0.007	20580.000	0.002	20580.000	-0.001	20580.000	0.006	20580.000	0.034	20580.000	0.023	20580.000	-0.002
20640.000	0.007	20640.000	0.002	20640.000	-0.001	20640.000	0.006	20640.000	0.034	20640.000	0.023	20640.000	-0.002
20700.000	0.006	20700.000	0.002	20700.000	0.000	20700.000	0.006	20700.000	0.034	20700.000	0.023	20700.000	-0.002
20760.000	0.007	20760.000	0.002	20760.000	0.000	20760.000	0.006	20760.000	0.033	20760.000	0.023	20760.000	-0.002
20820.000	0.007	20820.000	0.002	20820.000	0.000	20820.000	0.006	20820.000	0.034	20820.000	0.023	20820.000	-0.002
20880.000	0.007	20880.000	0.002	20880.000	0.000	20880.000	0.006	20880.000	0.034	20880.000	0.023	20880.000	-0.002
20940.000	0.007	20940.000	0.002	20940.000	0.000	20940.000	0.005	20940.000	0.034	20940.000	0.023	20940.000	-0.002
21000.000	0.007	21000.000	0.002	21000.000	0.000	21000.000	0.006	21000.000	0.034	21000.000	0.023	21000.000	-0.002
21060.000	0.007	21060.000	0.002	21060.000	0.000	21060.000	0.005	21060.000	0.034	21060.000	0.023	21060.000	-0.002
21120.000	0.007	21120.000	0.002	21120.000	0.000	21120.000	0.006	21120.000	0.034	21120.000	0.023	21120.000	-0.002
21180.000	0.007	21180.000	0.002	21180.000	0.000	21180.000	0.006	21180.000	0.034	21180.000	0.023	21180.000	-0.002
21240.000	0.007	21240.000	0.002	21240.000	0.000	21240.000	0.006	21240.000	0.034	21240.000	0.023	21240.000	-0.002
21300.000	0.007	21300.000	0.002	21300.000	0.000	21300.000	0.006	21300.000	0.034	21300.000	0.023	21300.000	-0.002
21360.000	0.007	21360.000	0.002	21360.000	0.000	21360.000	0.006	21360.000	0.034	21360.000	0.023	21360.000	-0.002
21420.000	0.007	21420.000	0.002	21420.000	0.000	21420.000	0.006	21420.000	0.034	21420.000	0.023	21420.000	-0.002
21480.000	0.007	21480.000	0.002	21480.000	0.000	21480.000	0.006	21480.000	0.034	21480.000	0.023	21480.000	-0.002
21540.000	0.007	21540.000	0.002	21540.000	0.000	21540.000	0.005	21540.000	0.034	21540.000	0.023	21540.000	-0.002
21600.000	0.006	21600.000	0.002	21600.000	0.000	21600.000	0.006	21600.000	0.034	21600.000	0.023	21600.000	-0.002
21660.000	0.006	21660.000	0.002	21660.000	0.000	21660.000	0.005	21660.000	0.034	21660.000	0.023	21660.000	-0.002
21720.000	0.007	21720.000	0.002	21720.000	0.000	21720.000	0.005	21720.000	0.034	21720.000	0.023	21720.000	-0.002
21780.000	0.007	21780.000	0.002	21780.000	0.000	21780.000	0.006	21780.000	0.034	21780.000	0.022	21780.000	-0.002
21840.000	0.006	21840.000	0.002	21840.000	0.000	21840.000	0.006	21840.000	0.034	21840.000	0.023	21840.000	-0.002
21900.000	0.006	21900.000	0.002	21900.000	0.000	21900.000	0.006	21900.000	0.034	21900.000	0.023	21900.000	-0.002
21960.000	0.006	21960.000	0.002	21960.000	0.000	21960.000	0.006	21960.000	0.034	21960.000	0.022	21960.000	-0.002
22020.000	0.007	22020.000	0.002	22020.000	0.000	22020.000	0.006	22020.000	0.034	22020.000	0.023	22020.000	-0.002
22080.000	0.006	22080.000	0.002	22080.000	0.000	22080.000	0.006	22080.000	0.034	22080.000	0.023	22080.000	-0.002
22140.000	0.007	22140.000	0.002	22140.000	0.000	22140.000	0.006	22140.000	0.034	22140.000	0.023	22140.000	-0.002
22200.000	0.007	22200.000	0.002	22200.000	0.000	22200.000	0.006	22200.000	0.034	22200.000	0.023	22200.000	-0.002
22260.000	0.006	22260.000	0.002	22260.000	0.000	22260.000	0.006	22260.000	0.034	22260.000	0.023	22260.000	-0.002
22320.000	0.007	22320.000	0.002	22320.000	0.000	22320.000	0.006	22320.000	0.034	22320.000	0.022	22320.000	-0.002
22380.000	0.007	22380.000	0.002	22380.000	-0.001	22380.000	0.006	22380.000	0.034	22380.000	0.022	22380.000	-0.002
22440.000	0.007	22440.000	0.002	22440.000	0.000	22440.000	0.006	22440.000	0.034	22440.000	0.022	22440.000	-0.002
22500.000	0.007	22500.000	0.002	22500.000	0.000	22500.000	0.005	22500.000	0.034	22500.000	0.023	22500.000	-0.002
22560.000	0.006	22560.000	0.002	22560.000	0.000	22560.000	0.006	22560.000	0.034	22560.000	0.023	22560.000	-0.002
22620.000	0.007	22620.000	0.002	22620.000	0.000	22620.000	0.006	22620.000	0.035	22620.000	0.023	22620.000	-0.002
22680.000	0.007	22680.000	0.002	22680.000	0.000	22680.000	0.006	22680.000	0.034	22680.000	0.022	22680.000	-0.002
22740.000	0.007	22740.000	0.002	22740.000	0.000	22740.000	0.006	22740.000	0.035	22740.000	0.022	22740.000	-0.002
22800.000	0.006	22800.000	0.002	22800.000	0.000	22800.000	0.006	22800.000	0.034	22800.000	0.022	22800.000	-0.002
22860.000	0.007	22860.000	0.002	22860.000	0.000	22860.000	0.006	22860.000	0.035	22860.000	0.022	22860.000	-0.002
22920.000	0.007	22920.000	0.002	22920.000	0.000	22920.000	0.006	22920.000	0.034	22920.000	0.022	22920.000	-0.002
22980.000	0.007	22980.000	0.002	22980.000	-0.001	22980.000	0.006	22980.000	0.034	22980.000	0.023	22980.000	-0.002
23040.000	0.006	23040.000	0.002	23040.000	0.000	23040.000	0.006	23040.000	0.034	23040.000	0.022	23040.000	-0.002
23100.000	0.007	23100.000	0.002	23100.000	0.000	23100.000	0.006	23100.000	0.034	23100.000	0.022	23100.000	-0.002
23160.000	0.006	23160.000	0.002	23160.000	0.000	23160.000	0.006	23160.000	0.034	23160.000	0.022	23160.000	-0.002
23220.000	0.006	23220.000	0.002	23220.000	0.000	23220.000	0.006	23220.000	0.035	23220.000	0.022	23220.000	-0.002
23280.000	0.006	23280.000	0.002	23280.000	0.000	23280.000	0.006	23280.000	0.035	23280.000	0.022	23280.000	-0.002
23340.000	0.006	23340.000	0.002	23340.000	0.000	23340.000	0.006	23340.000	0.035	23340.000	0.022	23340.000	-0.002
23400.000	0.006	23400.000	0.002	23400.000	0.000	23400.000	0.006	23400.000	0.035	23400.000	0.022	23400.000	-0.002
23460.000	0.006	23460.000	0.002	23460.000	0.000	23460.000	0.006	23460.000	0.034	23460.000	0.022	23460.000	-0.002
23520.000	0.007	23520.000	0.002	23520.000	0.000	23520.000	0.006	23520.000	0.035	23520.000	0.022	23520.000	-0.002
23580.000	0.007	23580.000	0.002	23580.000	0.000	23580.000	0.006	23580.000	0.035	23580.000	0.022	23580.000	-0.002
23640.000	0.006	23640.000	0.002	23640.000	0.000	23640.000	0.006	23640.000	0.035	23640.000	0.022	23640.000	-0.002
23700.000	0.007	23700.000	0.002	23700.000	0.000	23700.000	0.006	23700.000	0.034	23700.000	0.022	23700.000	-0.002
23760.000	0.007	23760.000	0.002	23760.000	0.000	23760.000	0.006	23760.000	0.035	23760.000	0.022	23760.000	-0.002
23820.000	0.006	23820.000	0.002	23820.000	0.000	23820.000	0.006	23820.000	0.035	23820.000	0.022	23820.000	-0.002
23880.000	0.007	23880.000	0.002	23880.000	0.000	23880.000	0.006	23880.000	0.035	23880.000	0.022	23880.000	-0.002
23940.000	0.007	23940.000	0.002	23940.000	0.000	23940.000	0.006	23940.000	0.035	23940.000	0.022	23940.000	-0.001
24000.000	0.007	24000.000	0.002	24000.000	0.000	24000.000	0.006	24000.000	0.035	24000.000	0.022	24000.000	-0.002
24060.000	0.006	24060.000	0.002	24060.000	0.000	24060.000	0.006	24060.000	0.035	24060.000	0.022	24060.000	-0.002
24120.000	0.006	24120.000	0.002	24120.000	0.000	24120.000	0.006	24120.000	0.035	24120.000	0.022	24120.000	-0.002
24180.000	0.007	24180.000	0.002	24180.000	0.000	24180.000	0.006	24180.000	0.035	24180.000	0.022	24180.000	-0.002
24240.000	0.007	24240.000	0.002	24240.000	0.000	24240.000	0.006	24240.000	0.035	24240.000	0.022	24240.000	-0.002
24300.000	0.006	24300.000	0.002	24300.000	0.000	24300.000	0.006	24300.000	0.035	24300.000	0.022	24300.000	-0.002
24360.000	0.006	24360.000	0.002	24360.000	0.000	24360.000	0.006	24360.000	0.035	24360.000	0.022	24360.000	-0.002
24420.000	0.006	24420.000	0.002	24420.000	0.000	24420.000	0.006	24420.000	0.035	24420.000	0.022	24420.000	-0.002
24480.000	0.006	24480.000	0.002	24480.000	0.000	24480.000	0.006	24480.000	0.035	24480.000	0.022	24480.000	-0.002
24540.000	0.007	24540.000	0.002	24540.000	0.000	24540.000	0.006	24540.000	0.035	24540.000	0.022	24540.000	-0.002
24600.000	0.007	24600.000	0.002	24600.000	0.000	24600.000	0.006	24600.000	0.035	24600.000	0.022	24600.000	-0.002
24660.000	0.006	24660.000	0.002	24660.000	0.000	24660.000	0.006	24660.000	0.035	24660.000	0.022	24660.000	-0.002
24720.000	0.006	24720.000	0.002	24720.000	0.000	24720.000	0.006	24720.000	0.035	24720.000	0.022	24720.000	-0.002
24780.000	0.007	24780.000	0.002	24780.000	0.000	24780.000	0.006	24780.000	0.035	24780.000	0.021	24780.000	-0.002
24840.000	0.006	24840.000	0.002	24840.000	0.000	24840.000	0.006	24840.000	0.035	24840.000	0.021	24840.000	-0.002
24900.000	0.006	24900.000	0.002	24900.000	0.000	24900.000	0.006	24900.000	0.035	24900.000	0.022	24900.000	-0.001
24960.000	0.007	24960.000	0.002	24960.000	0.000	24960.000	0.006	24960.000	0.035	24960.000	0.022	24960.000	-0.002
25020.000	0.007	25020.000	0.002	25020.000	0.000	25020.000	0.006	25020.000	0.035	25020.000	0.021	25020.000	-0.002
25080.000	0.006	25080.000	0.002	25080.000	0.000	25080.000	0.006	25080.000	0.035	25080.000	0.021	25080.000	-0.002
25140.000	0.007	25140.000	0.002	25140.000	0.000	25140.000	0.006	25140.000	0.035	25140.000	0.022	25140.000	-0.002
25200.000	0.007	25200.000	0.002	25200.000	0.000	25200.000	0.006	25200.000	0.035	25200.000	0.022	25200.000	-0.002
25260.000	0.006	25260.000	0.002	25260.000	0.000	25260.000	0.006	25260.000	0.035	25260.000	0.022	25260.000	-0.002
25320.000	0.006	25320.000	0.002	25320.000	0.000	25320.000	0.006	25320.000	0.035	25320.000	0.021	25320.000	-0.002
25380.000	0.007	25380.000	0.002	25380.000	0.000	25380.000	0.006	25380.000	0.035	25380.000	0.021	25380.000	-0.002
25440.000	0.006	25440.000	0.002	25440.000	0.000	25440.000	0.006	25440.000	0.035	25440.000	0.021	25440.000	-0.002
25500.000	0.007	25500.000	0.002	25500.000	0.000	25500.000	0.006	25500.000	0.035	25500.000	0.021	25500.000	-0.002
25560.000	0.006	25560.000	0.002	25560.000	0.000	25560.000	0.006	25560.000	0.035	25560.000	0.021	25560.000	-0.002
25620.000	0.006	25620.000	0.002	25620.000	0.000	25620.000	0.006	25620.000	0.035	25620.000	0.021	25620.000	-0.002
25680.000	0.006	25680.000	0.002	25680.000	0.000	25680.000	0.006	25680.000	0.035	25680.000	0.021	25680.000	-0.002
25740.000	0.007	25740.000	0.002	25740.000	0.000	25740.000	0.006	25740.000	0.035	25740.000	0.021	25740.000	-0.002
25800.000	0.007	25800.000	0.002	25800.000	0.000	25800.000	0.006	25800.000	0.036	25800.000	0.021	25800.000	-0.002
25860.000	0.006	25860.000	0.002	25860.000	0.000	25860.000	0.006	25860.000	0.035	25860.000	0.021	25860.000	-0.002
25920.000	0.006	25920.000	0.002	25920.000	0.000	25920.000	0.006	25920.000	0.035	25920.000	0.021	25920.000	-0.002
25980.000	0.006	25980.000	0.002	25980.000	0.000	25980.000	0.006	25980.000	0.035	25980.000	0.021	25980.000	-0.002
26040.000	0.006	26040.000	0.002	26040.000	0.000	26040.000	0.006	26040.000	0.035	26040.000	0.021	26040.000	-0.002
26100.000	0.006	26100.000	0.002	26100.000	0.000	26100.000	0.006	26100.000	0.035	26100.000	0.021	26100.000	-0.002
26160.000	0.007	26160.000	0.002	26160.000	0.000	26160.000	0.006	26160.000	0.036	26160.000	0.021	26160.000	-0.002
26220.000	0.006	26220.000	0.002	26220.000	0.000	26220.000	0.006	26220.000	0.035	26220.000	0.021	26220.000	-0.002
26280.000	0.006	26280.000	0.002	26280.000	0.000	26280.000	0.006	26280.000	0.035	26280.000	0.021	26280.000	-0.002
26340.000	0.006	26340.000	0.002	26340.000	0.000	26340.000	0.006	26340.000	0.035	26340.000	0.021	26340.000	-0.001
26400.000	0.006	26400.000	0.002	26400.000	0.000	26400.000	0.006	26400.000	0.035	26400.000	0.021	26400.000	-0.001
26460.000	0.006	26460.000	0.002	26460.000	0.000	26460.000	0.006	26460.000	0.036	26460.000	0.021	26460.000	-0.001
26520.000	0.006	26520.000	0.002	26520.000	0.000	26520.000	0.006	26520.000	0.036	26520.000	0.021	26520.000	-0.002
26580.000	0.006	26580.000	0.002	26580.000	0.000	26580.000	0.006	26580.000	0.035	26580.000	0.021	26580.000	-0.001
26640.000	0.006	26640.000	0.002	26640.000	0.000	26640.000	0.006	26640.000	0.036	26640.000	0.021	26640.000	-0.002
26700.000	0.006	26700.000	0.002	26700.000	0.000	26700.000	0.006	26700.000	0.036	26700.000	0.021	26700.000	-0.002
26760.000	0.006	26760.000	0.002	26760.000	0.000	26760.000	0.006	26760.000	0.036	26760.000	0.021	26760.000	-0.001
26820.000	0.006	26820.000	0.002	26820.000	0.000	26820.000	0.006	26820.000	0.036	26820.000	0.021	26820.000	-0.002
26880.000	0.006	26880.000	0.002	26880.000	0.000	26880.000	0.006	26880.000	0.036	26880.000	0.021	26880.000	-0.001
26940.000	0.006	26940.000	0.002	26940.000	0.000	26940.000	0.006	26940.000	0.036	26940.000	0.021	26940.000	-0.001
27000.000	0.006	27000.000	0.002	27000.000	0.000	27000.000	0.006	27000.000	0.035	27000.000	0.021	27000.000	-0.002
27060.000	0.006	27060.000	0.002	27060.000	0.000	27060.000	0.006	27060.000	0.036	27060.000	0.021	27060.000	-0.001
27120.000	0.006	27120.000	0.002	27120.000	0.000	27120.000	0.006	27120.000	0.036	27120.000	0.021	27120.000	-0.001
27180.000	0.007	27180.000	0.002	27180.000	0.000	27180.000	0.006	27180.000	0.036	27180.000	0.021	27180.000	-0.002
27240.000	0.006	27240.000	0.002	27240.000	0.000	27240.000	0.005	27240.000	0.036	27240.000	0.021	27240.000	-0.002
27300.000	0.006	27300.000	0.002	27300.000	0.000	27300.000	0.006	27300.000	0.036	27300.000	0.021	27300.000	-0.001
27360.000	0.006	27360.000	0.002	27360.000	0.000	27360.000	0.006	27360.000	0.036	27360.000	0.021	27360.000	-0.002
27420.000	0.006	27420.000	0.002	27420.000	0.000	27420.000	0.006	27420.000	0.036	27420.000	0.021	27420.000	-0.002
27480.000	0.006	27480.000	0.002	27480.000	0.000	27480.000	0.006	27480.000	0.036	27480.000	0.021	27480.000	-0.001
27540.000	0.006	27540.000	0.002	27540.000	0.000	27540.000	0.006	27540.000	0.036	27540.000	0.021	27540.000	-0.001
27600.000	0.006	27600.000	0.002	27600.000	0.000	27600.000	0.006	27600.000	0.036	27600.000	0.020	27600.000	-0.001
27660.000	0.006	27660.000	0.002	27660.000	0.000	27660.000	0.006	27660.000	0.036	27660.000	0.021	27660.000	-0.002
27720.000	0.006	27720.000	0.002	27720.000	0.000	27720.000	0.006	27720.000	0.036	27720.000	0.021	27720.000	-0.001
27780.000	0.006	27780.000	0.002	27780.000	0.000	27780.000	0.006	27780.000	0.036	27780.000	0.021	27780.000	-0.002
27840.000	0.006	27840.000	0.002	27840.000	0.000	27840.000	0.006	27840.000	0.036	27840.000	0.021	27840.000	-0.001
27900.000	0.006	27900.000	0.002	27900.000	0.000	27900.000	0.006	27900.000	0.036	27900.000	0.021	27900.000	-0.001
27960.000	0.006	27960.000	0.002	27960.000	0.000	27960.000	0.006	27960.000	0.036	27960.000	0.021	27960.000	-0.002
28020.000	0.006	28020.000	0.002	28020.000	0.000	28020.000	0.006	28020.000	0.036	28020.000	0.021	28020.000	-0.002
28080.000	0.006	28080.000	0.002	28080.000	0.000	28080.000	0.006	28080.000	0.036	28080.000	0.021	28080.000	-0.001
28140.000	0.006	28140.000	0.002	28140.000	0.000	28140.000	0.006	28140.000	0.036	28140.000	0.021	28140.000	-0.001
28200.000	0.006	28200.000	0.002	28200.000	0.000	28200.000	0.006	28200.000	0.036	28200.000	0.021	28200.000	-0.001
28260.000	0.006	28260.000	0.002	28260.000	0.000	28260.000	0.006	28260.000	0.036	28260.000	0.021	28260.000	-0.002
28320.000	0.006	28320.000	0.002	28320.000	0.000	28320.000	0.006	28320.000	0.036	28320.000	0.021	28320.000	-0.001
28380.000	0.006	28380.000	0.002	28380.000	0.000	28380.000	0.006	28380.000	0.036	28380.000	0.021	28380.000	-0.001
28440.000	0.006	28440.000	0.002	28440.000	0.000	28440.000	0.006	28440.000	0.036	28440.000	0.021	28440.000	-0.002
28500.000	0.006	28500.000	0.002	28500.000	0.000	28500.000	0.006	28500.000	0.036	28500.000	0.021	28500.000	-0.001
28560.000	0.006	28560.000	0.002	28560.000	0.000	28560.000	0.006	28560.000	0.036	28560.000	0.021	28560.000	-0.001
28620.000	0.006	28620.000	0.002	28620.000	0.000	28620.000	0.006	28620.000	0.036	28620.000	0.021	28620.000	-0.002
28680.000	0.006	28680.000	0.002	28680.000	0.000	28680.000	0.006	28680.000	0.036	28680.000	0.021	28680.000	-0.001
28740.000	0.006	28740.000	0.002	28740.000	0.000	28740.000	0.006	28740.000	0.036	28740.000	0.020	28740.000	-0.001
28800.000	0.006	28800.000	0.002	28800.000	0.000	28800.000	0.006	28800.000	0.036	28800.000	0.021	28800.000	-0.001
													
													
													
