Batch	rate043.rre						
Evolution 600	161008						
Sample	Sample001	Sample	Sample002	Sample	Sample003	Sample	Sample004
Data Mode	A	Data Mode	A	Data Mode	A	Data Mode	A
Smoothing	None	Smoothing	None	Smoothing	None	Smoothing	None
Date Collected	4/30/2010	Date Collected	4/30/2010	Date Collected	4/30/2010	Date Collected	4/30/2010
Time Collected	6:07:29PM	Time Collected	6:07:35PM	Time Collected	6:07:41PM	Time Collected	8:08:57PM
							
Substrate Conc.	1.5286 mmol/L	Substrate Conc.	3.0571 mmol/L	Substrate Conc.	4.5857 mmol/L	Substrate Conc.	6.1142 mmol/L
ss.sss	Value	ss.sss	Value	ss.sss	Value	ss.sss	Value
0.000	0.001	0.000	0.008	0.000	0.016	0.000	0.028
60.000	0.006	60.000	0.014	60.000	0.023	60.000	0.036
120.000	0.011	120.000	0.020	120.000	0.030	120.000	0.045
180.000	0.016	180.000	0.026	180.000	0.037	180.000	0.054
240.000	0.022	240.000	0.032	240.000	0.044	240.000	0.063
300.000	0.028	300.000	0.038	300.000	0.052	300.000	0.073
360.000	0.035	360.000	0.045	360.000	0.059	360.000	0.082
420.000	0.042	420.000	0.051	420.000	0.067	420.000	0.091
480.000	0.049	480.000	0.057	480.000	0.074	480.000	0.101
540.000	0.057	540.000	0.061	540.000	0.082	540.000	0.111
600.000	0.064	600.000	0.067	600.000	0.089	600.000	0.121
660.000	0.071	660.000	0.073	660.000	0.097	660.000	0.132
720.000	0.080	720.000	0.079	720.000	0.105	720.000	0.139
780.000	0.088	780.000	0.085	780.000	0.112	780.000	0.150
840.000	0.096	840.000	0.091	840.000	0.120	840.000	0.160
900.000	0.091	900.000	0.097	900.000	0.128	900.000	0.169
960.000	0.099	960.000	0.104	960.000	0.135	960.000	0.179
1020.000	0.106	1020.000	0.110	1020.000	0.143	1020.000	0.190
1080.000	0.115	1080.000	0.116	1080.000	0.151	1080.000	0.198
1140.000	0.124	1140.000	0.123	1140.000	0.159	1140.000	0.209
1200.000	0.126	1200.000	0.129	1200.000	0.167	1200.000	0.218
1260.000	0.134	1260.000	0.136	1260.000	0.174	1260.000	0.229
1320.000	0.142	1320.000	0.143	1320.000	0.182	1320.000	0.240
1380.000	0.151	1380.000	0.151	1380.000	0.191	1380.000	0.248
1440.000	0.142	1440.000	0.158	1440.000	0.198	1440.000	0.259
1500.000	0.150	1500.000	0.161	1500.000	0.207	1500.000	0.270
1560.000	0.157	1560.000	0.167	1560.000	0.215	1560.000	0.278
1620.000	0.164	1620.000	0.175	1620.000	0.223	1620.000	0.290
1680.000	0.165	1680.000	0.181	1680.000	0.231	1680.000	0.299
1740.000	0.173	1740.000	0.188	1740.000	0.240	1740.000	0.310
1800.000	0.180	1800.000	0.195	1800.000	0.248	1800.000	0.319
1860.000	0.187	1860.000	0.201	1860.000	0.256	1860.000	0.329
1920.000	0.159	1920.000	0.209	1920.000	0.264	1920.000	0.341
1980.000	0.165	1980.000	0.216	1980.000	0.273	1980.000	0.352
2040.000	0.170	2040.000	0.222	2040.000	0.281	2040.000	0.360
2100.000	0.176	2100.000	0.229	2100.000	0.289	2100.000	0.371
2160.000	0.181	2160.000	0.236	2160.000	0.297	2160.000	0.383
2220.000	0.187	2220.000	0.244	2220.000	0.305	2220.000	0.391
2280.000	0.192	2280.000	0.251	2280.000	0.314	2280.000	0.402
2340.000	0.198	2340.000	0.258	2340.000	0.322	2340.000	0.414
2400.000	0.204	2400.000	0.268	2400.000	0.327	2400.000	0.422
2460.000	0.209	2460.000	0.276	2460.000	0.336	2460.000	0.434
2520.000	0.215	2520.000	0.276	2520.000	0.344	2520.000	0.445
2580.000	0.220	2580.000	0.284	2580.000	0.352	2580.000	0.457
2640.000	0.227	2640.000	0.291	2640.000	0.361	2640.000	0.464
2700.000	0.232	2700.000	0.299	2700.000	0.369	2700.000	0.476
2760.000	0.238	2760.000	0.307	2760.000	0.378	2760.000	0.487
2820.000	0.245	2820.000	0.314	2820.000	0.386	2820.000	0.498
2880.000	0.251	2880.000	0.323	2880.000	0.395	2880.000	0.506
2940.000	0.258	2940.000	0.331	2940.000	0.398	2940.000	0.515
3000.000	0.264	3000.000	0.340	3000.000	0.406	3000.000	0.527
3060.000	0.271	3060.000	0.349	3060.000	0.414	3060.000	0.538
3120.000	0.279	3120.000	0.358	3120.000	0.423	3120.000	0.546
3180.000	0.285	3180.000	0.367	3180.000	0.431	3180.000	0.557
3240.000	0.292	3240.000	0.377	3240.000	0.440	3240.000	0.568
3300.000	0.308	3300.000	0.349	3300.000	0.447	3300.000	0.579
3360.000	0.289	3360.000	0.356	3360.000	0.456	3360.000	0.590
3420.000	0.273	3420.000	0.362	3420.000	0.463	3420.000	0.597
3480.000	0.283	3480.000	0.369	3480.000	0.472	3480.000	0.607
3540.000	0.222	3540.000	0.375	3540.000	0.481	3540.000	0.618
3600.000	0.227	3600.000	0.382	3600.000	0.489	3600.000	0.628
3660.000	0.230	3660.000	0.389	3660.000	0.494	3660.000	0.638
3720.000	0.234	3720.000	0.396	3720.000	0.502	3720.000	0.648
3780.000	0.238	3780.000	0.402	3780.000	0.510	3780.000	0.659
3840.000	0.242	3840.000	0.409	3840.000	0.519	3840.000	0.669
3900.000	0.246	3900.000	0.416	3900.000	0.528	3900.000	0.679
3960.000	0.250	3960.000	0.423	3960.000	0.536	3960.000	0.689
4020.000	0.254	4020.000	0.429	4020.000	0.544	4020.000	0.700
4080.000	0.259	4080.000	0.437	4080.000	0.552	4080.000	0.709
4140.000	0.262	4140.000	0.443	4140.000	0.561	4140.000	0.719
4200.000	0.266	4200.000	0.451	4200.000	0.572	4200.000	0.729
4260.000	0.270	4260.000	0.458	4260.000	0.574	4260.000	0.740
4320.000	0.274	4320.000	0.465	4320.000	0.582	4320.000	0.751
4380.000	0.279	4380.000	0.472	4380.000	0.590	4380.000	0.762
4440.000	0.284	4440.000	0.479	4440.000	0.598	4440.000	0.769
4500.000	0.288	4500.000	0.487	4500.000	0.606	4500.000	0.780
4560.000	0.292	4560.000	0.493	4560.000	0.614	4560.000	0.789
4620.000	0.296	4620.000	0.501	4620.000	0.623	4620.000	0.799
4680.000	0.300	4680.000	0.508	4680.000	0.634	4680.000	0.809
4740.000	0.304	4740.000	0.517	4740.000	0.642	4740.000	0.819
4800.000	0.309	4800.000	0.525	4800.000	0.651	4800.000	0.828
4860.000	0.313	4860.000	0.501	4860.000	0.659	4860.000	0.839
4920.000	0.318	4920.000	0.507	4920.000	0.668	4920.000	0.848
4980.000	0.315	4980.000	0.513	4980.000	0.677	4980.000	0.859
5040.000	0.319	5040.000	0.519	5040.000	0.685	5040.000	0.869
5100.000	0.323	5100.000	0.524	5100.000	0.694	5100.000	0.879
5160.000	0.327	5160.000	0.530	5160.000	0.704	5160.000	0.890
5220.000	0.330	5220.000	0.536	5220.000	0.713	5220.000	0.901
5280.000	0.335	5280.000	0.542	5280.000	0.721	5280.000	0.912
5340.000	0.338	5340.000	0.547	5340.000	0.768	5340.000	0.925
5400.000	0.342	5400.000	0.553	5400.000	0.799	5400.000	0.941
5460.000	0.346	5460.000	0.559	5460.000	0.818	5460.000	0.934
5520.000	0.350	5520.000	0.565	5520.000	0.835	5520.000	0.944
5580.000	0.353	5580.000	0.571	5580.000	0.856	5580.000	0.954
5640.000	0.357	5640.000	0.576	5640.000	0.746	5640.000	0.963
5700.000	0.361	5700.000	0.581	5700.000	0.754	5700.000	0.973
5760.000	0.365	5760.000	0.586	5760.000	0.761	5760.000	0.983
5820.000	0.372	5820.000	0.591	5820.000	0.768	5820.000	0.992
5880.000	0.376	5880.000	0.597	5880.000	0.774	5880.000	1.001
5940.000	0.380	5940.000	0.602	5940.000	0.782	5940.000	1.011
6000.000	0.384	6000.000	0.608	6000.000	0.789	6000.000	1.020
6060.000	0.388	6060.000	0.614	6060.000	0.796	6060.000	1.029
6120.000	0.381	6120.000	0.619	6120.000	0.804	6120.000	1.039
6180.000	0.384	6180.000	0.624	6180.000	0.811	6180.000	1.049
6240.000	0.388	6240.000	0.630	6240.000	0.818	6240.000	1.058
6300.000	0.392	6300.000	0.635	6300.000	0.825	6300.000	1.068
6360.000	0.396	6360.000	0.641	6360.000	0.833	6360.000	1.077
6420.000	0.400	6420.000	0.646	6420.000	0.840	6420.000	1.086
6480.000	0.404	6480.000	0.651	6480.000	0.847	6480.000	1.097
6540.000	0.408	6540.000	0.657	6540.000	0.854	6540.000	1.106
6600.000	0.411	6600.000	0.662	6600.000	0.861	6600.000	1.111
6660.000	0.415	6660.000	0.668	6660.000	0.869	6660.000	1.120
6720.000	0.420	6720.000	0.673	6720.000	0.875	6720.000	1.129
6780.000	0.424	6780.000	0.678	6780.000	0.882	6780.000	1.138
6840.000	0.429	6840.000	0.684	6840.000	0.889	6840.000	1.147
6900.000	0.438	6900.000	0.689	6900.000	0.896	6900.000	1.156
6960.000	0.435	6960.000	0.694	6960.000	0.903	6960.000	1.165
7020.000	0.439	7020.000	0.699	7020.000	0.910	7020.000	1.174
7080.000	0.443	7080.000	0.705	7080.000	0.916	7080.000	1.190
7140.000	0.447	7140.000	0.711	7140.000	0.924	7140.000	1.200
7200.000	0.451	7200.000	0.716	7200.000	0.931	7200.000	1.210
7260.000	0.455	7260.000	0.721	7260.000	0.938	7260.000	1.218
							
							
							
