Batch	mads_t008.rre						
Evolution 600	161008						
Sample	Sample001	Sample	Sample002	Sample	sample003	Sample	Sample004
Data Mode	A	Data Mode	A	Data Mode	A	Data Mode	A
Smoothing	None	Smoothing	None	Smoothing	None	Smoothing	None
Date Collected	4/13/2010	Date Collected	4/13/2010	Date Collected	4/13/2010	Date Collected	4/13/2010
Time Collected	7:16:31PM	Time Collected	7:16:37PM	Time Collected	7:16:45PM	Time Collected	7:16:52PM
							
Substrate Conc.	1.5850 mmol/l	Substrate Conc.	3.1700 mmol/l	Substrate Conc.	4.7550 mmol/l	Substrate Conc.	6.3400 mmol/l
ss.sss	Value	ss.sss	Value	ss.sss	Value	ss.sss	Value
0.000	0.000	0.000	0.013	0.000	0.013	0.000	0.016
49.000	0.003	49.000	0.015	49.000	0.016	49.000	0.020
98.000	0.005	98.000	0.018	98.000	0.020	98.000	0.022
147.000	0.007	147.000	0.022	147.000	0.023	147.000	0.025
196.000	0.009	196.000	0.024	196.000	0.027	196.000	0.029
245.000	0.011	245.000	0.027	245.000	0.030	245.000	0.032
294.000	0.014	294.000	0.028	294.000	0.033	294.000	0.036
343.000	0.015	343.000	0.032	343.000	0.036	343.000	0.039
392.000	0.018	392.000	0.034	392.000	0.040	392.000	0.042
441.000	0.020	441.000	0.037	441.000	0.043	441.000	0.045
490.000	0.022	490.000	0.041	490.000	0.046	490.000	0.048
539.000	0.024	539.000	0.043	539.000	0.050	539.000	0.052
588.000	0.026	588.000	0.046	588.000	0.054	588.000	0.055
637.000	0.028	637.000	0.049	637.000	0.057	637.000	0.059
686.000	0.030	686.000	0.051	686.000	0.060	686.000	0.062
735.000	0.033	735.000	0.054	735.000	0.064	735.000	0.065
784.000	0.034	784.000	0.057	784.000	0.066	784.000	0.069
833.000	0.036	833.000	0.060	833.000	0.069	833.000	0.072
882.000	0.039	882.000	0.064	882.000	0.073	882.000	0.075
931.000	0.041	931.000	0.066	931.000	0.076	931.000	0.078
980.000	0.042	980.000	0.069	980.000	0.080	980.000	0.082
1029.000	0.044	1029.000	0.072	1029.000	0.083	1029.000	0.085
1078.000	0.046	1078.000	0.074	1078.000	0.086	1078.000	0.088
1127.000	0.049	1127.000	0.077	1127.000	0.089	1127.000	0.091
1176.000	0.051	1176.000	0.079	1176.000	0.091	1176.000	0.095
1225.000	0.052	1225.000	0.082	1225.000	0.095	1225.000	0.098
1274.000	0.056	1274.000	0.085	1274.000	0.098	1274.000	0.101
1323.000	0.058	1323.000	0.087	1323.000	0.101	1323.000	0.104
1372.000	0.060	1372.000	0.090	1372.000	0.104	1372.000	0.108
1421.000	0.061	1421.000	0.093	1421.000	0.107	1421.000	0.110
1470.000	0.063	1470.000	0.096	1470.000	0.111	1470.000	0.114
1519.000	0.065	1519.000	0.098	1519.000	0.114	1519.000	0.117
1568.000	0.068	1568.000	0.101	1568.000	0.117	1568.000	0.120
1617.000	0.070	1617.000	0.104	1617.000	0.119	1617.000	0.123
1666.000	0.071	1666.000	0.106	1666.000	0.123	1666.000	0.126
1715.000	0.073	1715.000	0.109	1715.000	0.126	1715.000	0.129
1764.000	0.075	1764.000	0.112	1764.000	0.129	1764.000	0.132
1813.000	0.077	1813.000	0.114	1813.000	0.131	1813.000	0.136
1862.000	0.080	1862.000	0.117	1862.000	0.135	1862.000	0.139
1911.000	0.081	1911.000	0.119	1911.000	0.137	1911.000	0.142
1960.000	0.083	1960.000	0.122	1960.000	0.141	1960.000	0.145
2009.000	0.085	2009.000	0.124	2009.000	0.143	2009.000	0.148
2058.000	0.086	2058.000	0.127	2058.000	0.146	2058.000	0.150
2107.000	0.088	2107.000	0.129	2107.000	0.149	2107.000	0.153
2156.000	0.091	2156.000	0.133	2156.000	0.152	2156.000	0.157
2205.000	0.092	2205.000	0.134	2205.000	0.154	2205.000	0.160
2254.000	0.095	2254.000	0.137	2254.000	0.157	2254.000	0.163
2303.000	0.096	2303.000	0.139	2303.000	0.161	2303.000	0.166
2352.000	0.098	2352.000	0.142	2352.000	0.163	2352.000	0.169
2401.000	0.100	2401.000	0.144	2401.000	0.165	2401.000	0.171
2450.000	0.102	2450.000	0.146	2450.000	0.168	2450.000	0.174
2499.000	0.104	2499.000	0.149	2499.000	0.171	2499.000	0.176
2548.000	0.105	2548.000	0.152	2548.000	0.173	2548.000	0.180
2597.000	0.108	2597.000	0.153	2597.000	0.178	2597.000	0.183
2646.000	0.110	2646.000	0.156	2646.000	0.179	2646.000	0.186
2695.000	0.111	2695.000	0.159	2695.000	0.181	2695.000	0.189
2744.000	0.112	2744.000	0.161	2744.000	0.185	2744.000	0.191
2793.000	0.114	2793.000	0.163	2793.000	0.187	2793.000	0.194
2842.000	0.116	2842.000	0.166	2842.000	0.190	2842.000	0.197
2891.000	0.117	2891.000	0.168	2891.000	0.194	2891.000	0.200
2940.000	0.119	2940.000	0.170	2940.000	0.195	2940.000	0.202
2989.000	0.121	2989.000	0.173	2989.000	0.197	2989.000	0.206
3038.000	0.124	3038.000	0.175	3038.000	0.201	3038.000	0.209
3087.000	0.125	3087.000	0.178	3087.000	0.203	3087.000	0.210
3136.000	0.127	3136.000	0.180	3136.000	0.206	3136.000	0.215
3185.000	0.128	3185.000	0.181	3185.000	0.208	3185.000	0.216
3234.000	0.130	3234.000	0.184	3234.000	0.211	3234.000	0.219
3283.000	0.131	3283.000	0.186	3283.000	0.213	3283.000	0.222
3332.000	0.133	3332.000	0.189	3332.000	0.215	3332.000	0.224
3381.000	0.135	3381.000	0.191	3381.000	0.218	3381.000	0.227
3430.000	0.136	3430.000	0.193	3430.000	0.221	3430.000	0.231
3479.000	0.139	3479.000	0.196	3479.000	0.223	3479.000	0.233
3528.000	0.140	3528.000	0.197	3528.000	0.226	3528.000	0.235
3577.000	0.141	3577.000	0.199	3577.000	0.228	3577.000	0.238
3626.000	0.143	3626.000	0.202	3626.000	0.230	3626.000	0.240
3675.000	0.145	3675.000	0.204	3675.000	0.232	3675.000	0.243
3724.000	0.146	3724.000	0.207	3724.000	0.235	3724.000	0.245
3773.000	0.147	3773.000	0.208	3773.000	0.237	3773.000	0.248
3822.000	0.150	3822.000	0.211	3822.000	0.240	3822.000	0.252
3871.000	0.151	3871.000	0.212	3871.000	0.242	3871.000	0.254
3920.000	0.152	3920.000	0.215	3920.000	0.245	3920.000	0.256
3969.000	0.154	3969.000	0.218	3969.000	0.247	3969.000	0.259
4018.000	0.156	4018.000	0.219	4018.000	0.250	4018.000	0.262
4067.000	0.158	4067.000	0.221	4067.000	0.252	4067.000	0.264
4116.000	0.158	4116.000	0.223	4116.000	0.254	4116.000	0.267
4165.000	0.160	4165.000	0.226	4165.000	0.257	4165.000	0.269
4214.000	0.162	4214.000	0.227	4214.000	0.259	4214.000	0.272
4263.000	0.163	4263.000	0.230	4263.000	0.260	4263.000	0.274
4312.000	0.165	4312.000	0.232	4312.000	0.263	4312.000	0.275
4361.000	0.166	4361.000	0.233	4361.000	0.265	4361.000	0.279
4410.000	0.168	4410.000	0.236	4410.000	0.269	4410.000	0.282
4459.000	0.169	4459.000	0.237	4459.000	0.271	4459.000	0.284
4508.000	0.170	4508.000	0.239	4508.000	0.273	4508.000	0.287
4557.000	0.173	4557.000	0.243	4557.000	0.275	4557.000	0.288
4606.000	0.174	4606.000	0.245	4606.000	0.277	4606.000	0.291
4655.000	0.175	4655.000	0.245	4655.000	0.280	4655.000	0.294
4704.000	0.177	4704.000	0.248	4704.000	0.281	4704.000	0.296
4753.000	0.178	4753.000	0.250	4753.000	0.283	4753.000	0.298
4802.000	0.180	4802.000	0.252	4802.000	0.286	4802.000	0.301
4851.000	0.181	4851.000	0.254	4851.000	0.288	4851.000	0.303
4900.000	0.182	4900.000	0.256	4900.000	0.290	4900.000	0.306
4949.000	0.183	4949.000	0.258	4949.000	0.292	4949.000	0.307
4998.000	0.185	4998.000	0.260	4998.000	0.294	4998.000	0.311
5047.000	0.187	5047.000	0.261	5047.000	0.297	5047.000	0.312
5096.000	0.188	5096.000	0.264	5096.000	0.300	5096.000	0.316
5145.000	0.190	5145.000	0.265	5145.000	0.301	5145.000	0.317
5194.000	0.191	5194.000	0.268	5194.000	0.302	5194.000	0.320
5243.000	0.192	5243.000	0.269	5243.000	0.304	5243.000	0.322
5292.000	0.194	5292.000	0.271	5292.000	0.306	5292.000	0.324
5341.000	0.196	5341.000	0.273	5341.000	0.308	5341.000	0.327
5390.000	0.196	5390.000	0.276	5390.000	0.311	5390.000	0.329
5439.000	0.198	5439.000	0.277	5439.000	0.313	5439.000	0.331
5488.000	0.199	5488.000	0.279	5488.000	0.314	5488.000	0.334
5537.000	0.200	5537.000	0.281	5537.000	0.317	5537.000	0.336
5586.000	0.201	5586.000	0.283	5586.000	0.319	5586.000	0.338
5635.000	0.203	5635.000	0.285	5635.000	0.321	5635.000	0.340
5684.000	0.204	5684.000	0.287	5684.000	0.323	5684.000	0.344
5733.000	0.205	5733.000	0.288	5733.000	0.326	5733.000	0.345
5782.000	0.206	5782.000	0.290	5782.000	0.328	5782.000	0.348
5831.000	0.208	5831.000	0.292	5831.000	0.329	5831.000	0.350
5880.000	0.210	5880.000	0.294	5880.000	0.331	5880.000	0.351
5929.000	0.212	5929.000	0.295	5929.000	0.334	5929.000	0.353
5978.000	0.212	5978.000	0.297	5978.000	0.336	5978.000	0.356
6027.000	0.214	6027.000	0.299	6027.000	0.337	6027.000	0.358
6076.000	0.215	6076.000	0.301	6076.000	0.339	6076.000	0.361
6125.000	0.216	6125.000	0.303	6125.000	0.340	6125.000	0.363
6174.000	0.218	6174.000	0.304	6174.000	0.343	6174.000	0.364
6223.000	0.219	6223.000	0.307	6223.000	0.345	6223.000	0.367
6272.000	0.220	6272.000	0.309	6272.000	0.346	6272.000	0.369
6321.000	0.221	6321.000	0.310	6321.000	0.348	6321.000	0.371
6370.000	0.222	6370.000	0.312	6370.000	0.350	6370.000	0.372
6419.000	0.224	6419.000	0.313	6419.000	0.352	6419.000	0.376
6468.000	0.225	6468.000	0.314	6468.000	0.354	6468.000	0.378
6517.000	0.226	6517.000	0.317	6517.000	0.356	6517.000	0.380
6566.000	0.228	6566.000	0.319	6566.000	0.359	6566.000	0.382
6615.000	0.228	6615.000	0.320	6615.000	0.359	6615.000	0.384
6664.000	0.229	6664.000	0.322	6664.000	0.362	6664.000	0.386
6713.000	0.231	6713.000	0.323	6713.000	0.363	6713.000	0.389
6762.000	0.232	6762.000	0.325	6762.000	0.366	6762.000	0.390
6811.000	0.233	6811.000	0.327	6811.000	0.367	6811.000	0.393
6860.000	0.235	6860.000	0.329	6860.000	0.369	6860.000	0.394
6909.000	0.236	6909.000	0.330	6909.000	0.372	6909.000	0.396
6958.000	0.236	6958.000	0.332	6958.000	0.372	6958.000	0.398
7007.000	0.238	7007.000	0.333	7007.000	0.375	7007.000	0.401
7056.000	0.239	7056.000	0.335	7056.000	0.376	7056.000	0.402
7105.000	0.240	7105.000	0.337	7105.000	0.378	7105.000	0.405
7154.000	0.241	7154.000	0.340	7154.000	0.380	7154.000	0.407
7203.000	0.242	7203.000	0.340	7203.000	0.382	7203.000	0.408
7252.000	0.244	7252.000	0.342	7252.000	0.383	7252.000	0.411
7301.000	0.245	7301.000	0.344	7301.000	0.386	7301.000	0.413
7350.000	0.246	7350.000	0.346	7350.000	0.387	7350.000	0.415
7399.000	0.247	7399.000	0.347	7399.000	0.389	7399.000	0.417
7448.000	0.249	7448.000	0.350	7448.000	0.391	7448.000	0.419
7497.000	0.250	7497.000	0.351	7497.000	0.392	7497.000	0.421
7546.000	0.251	7546.000	0.352	7546.000	0.393	7546.000	0.423
7595.000	0.252	7595.000	0.353	7595.000	0.396	7595.000	0.425
7644.000	0.252	7644.000	0.355	7644.000	0.398	7644.000	0.427
7693.000	0.253	7693.000	0.357	7693.000	0.398	7693.000	0.429
7742.000	0.255	7742.000	0.359	7742.000	0.401	7742.000	0.431
7791.000	0.255	7791.000	0.360	7791.000	0.402	7791.000	0.432
7840.000	0.257	7840.000	0.362	7840.000	0.405	7840.000	0.434
7889.000	0.258	7889.000	0.363	7889.000	0.406	7889.000	0.436
7938.000	0.259	7938.000	0.365	7938.000	0.407	7938.000	0.438
7987.000	0.260	7987.000	0.366	7987.000	0.409	7987.000	0.441
8036.000	0.261	8036.000	0.367	8036.000	0.411	8036.000	0.442
8085.000	0.263	8085.000	0.369	8085.000	0.413	8085.000	0.444
8134.000	0.263	8134.000	0.371	8134.000	0.414	8134.000	0.446
8183.000	0.265	8183.000	0.373	8183.000	0.415	8183.000	0.448
8232.000	0.266	8232.000	0.375	8232.000	0.417	8232.000	0.450
8281.000	0.267	8281.000	0.376	8281.000	0.419	8281.000	0.452
8330.000	0.267	8330.000	0.377	8330.000	0.422	8330.000	0.454
8379.000	0.268	8379.000	0.379	8379.000	0.422	8379.000	0.457
8428.000	0.270	8428.000	0.380	8428.000	0.424	8428.000	0.458
8477.000	0.271	8477.000	0.381	8477.000	0.427	8477.000	0.460
8526.000	0.272	8526.000	0.383	8526.000	0.427	8526.000	0.461
8575.000	0.273	8575.000	0.384	8575.000	0.429	8575.000	0.463
8624.000	0.273	8624.000	0.386	8624.000	0.431	8624.000	0.466
8673.000	0.274	8673.000	0.387	8673.000	0.432	8673.000	0.466
8722.000	0.276	8722.000	0.389	8722.000	0.433	8722.000	0.468
8771.000	0.276	8771.000	0.391	8771.000	0.436	8771.000	0.471
8820.000	0.277	8820.000	0.392	8820.000	0.437	8820.000	0.472
8869.000	0.279	8869.000	0.394	8869.000	0.439	8869.000	0.474
8918.000	0.281	8918.000	0.396	8918.000	0.441	8918.000	0.476
8967.000	0.281	8967.000	0.396	8967.000	0.442	8967.000	0.479
9016.000	0.282	9016.000	0.398	9016.000	0.443	9016.000	0.480
9065.000	0.282	9065.000	0.400	9065.000	0.444	9065.000	0.482
9114.000	0.284	9114.000	0.401	9114.000	0.446	9114.000	0.484
9163.000	0.284	9163.000	0.402	9163.000	0.447	9163.000	0.485
9212.000	0.286	9212.000	0.404	9212.000	0.449	9212.000	0.488
9261.000	0.287	9261.000	0.406	9261.000	0.451	9261.000	0.489
9310.000	0.287	9310.000	0.406	9310.000	0.453	9310.000	0.491
9359.000	0.288	9359.000	0.408	9359.000	0.455	9359.000	0.493
9408.000	0.289	9408.000	0.409	9408.000	0.455	9408.000	0.495
9457.000	0.289	9457.000	0.412	9457.000	0.457	9457.000	0.497
9506.000	0.291	9506.000	0.412	9506.000	0.459	9506.000	0.498
9555.000	0.293	9555.000	0.413	9555.000	0.461	9555.000	0.500
9604.000	0.293	9604.000	0.416	9604.000	0.463	9604.000	0.502
9653.000	0.294	9653.000	0.417	9653.000	0.464	9653.000	0.504
9702.000	0.294	9702.000	0.418	9702.000	0.465	9702.000	0.505
9751.000	0.296	9751.000	0.421	9751.000	0.466	9751.000	0.506
9800.000	0.296	9800.000	0.421	9800.000	0.468	9800.000	0.509
9849.000	0.298	9849.000	0.422	9849.000	0.470	9849.000	0.510
9898.000	0.299	9898.000	0.424	9898.000	0.471	9898.000	0.512
9947.000	0.300	9947.000	0.425	9947.000	0.472	9947.000	0.514
9996.000	0.300	9996.000	0.426	9996.000	0.475	9996.000	0.515
10045.000	0.301	10045.000	0.428	10045.000	0.475	10045.000	0.517
10094.000	0.302	10094.000	0.429	10094.000	0.477	10094.000	0.519
10143.000	0.303	10143.000	0.431	10143.000	0.478	10143.000	0.520
10192.000	0.304	10192.000	0.432	10192.000	0.480	10192.000	0.522
10241.000	0.305	10241.000	0.433	10241.000	0.481	10241.000	0.524
10290.000	0.305	10290.000	0.435	10290.000	0.483	10290.000	0.525
10339.000	0.307	10339.000	0.436	10339.000	0.483	10339.000	0.528
10388.000	0.307	10388.000	0.438	10388.000	0.486	10388.000	0.530
10437.000	0.309	10437.000	0.438	10437.000	0.487	10437.000	0.531
10486.000	0.309	10486.000	0.440	10486.000	0.489	10486.000	0.533
10535.000	0.310	10535.000	0.441	10535.000	0.489	10535.000	0.534
10584.000	0.311	10584.000	0.443	10584.000	0.491	10584.000	0.536
10633.000	0.312	10633.000	0.445	10633.000	0.492	10633.000	0.538
10682.000	0.312	10682.000	0.445	10682.000	0.494	10682.000	0.538
10731.000	0.314	10731.000	0.446	10731.000	0.495	10731.000	0.541
10780.000	0.314	10780.000	0.449	10780.000	0.497	10780.000	0.543
10829.000	0.316	10829.000	0.450	10829.000	0.499	10829.000	0.544
10878.000	0.316	10878.000	0.451	10878.000	0.500	10878.000	0.546
10927.000	0.317	10927.000	0.452	10927.000	0.502	10927.000	0.548
10976.000	0.317	10976.000	0.453	10976.000	0.502	10976.000	0.550
11025.000	0.319	11025.000	0.455	11025.000	0.504	11025.000	0.551
11074.000	0.319	11074.000	0.455	11074.000	0.506	11074.000	0.552
11123.000	0.320	11123.000	0.457	11123.000	0.508	11123.000	0.554
11172.000	0.321	11172.000	0.458	11172.000	0.508	11172.000	0.557
11221.000	0.322	11221.000	0.460	11221.000	0.509	11221.000	0.558
11270.000	0.323	11270.000	0.462	11270.000	0.511	11270.000	0.559
11319.000	0.324	11319.000	0.463	11319.000	0.511	11319.000	0.561
11368.000	0.325	11368.000	0.464	11368.000	0.514	11368.000	0.562
11417.000	0.325	11417.000	0.465	11417.000	0.515	11417.000	0.563
11466.000	0.325	11466.000	0.466	11466.000	0.516	11466.000	0.566
11515.000	0.326	11515.000	0.467	11515.000	0.517	11515.000	0.568
11564.000	0.327	11564.000	0.469	11564.000	0.518	11564.000	0.568
11613.000	0.328	11613.000	0.470	11613.000	0.520	11613.000	0.570
11662.000	0.328	11662.000	0.470	11662.000	0.521	11662.000	0.572
11711.000	0.330	11711.000	0.472	11711.000	0.522	11711.000	0.573
11760.000	0.330	11760.000	0.474	11760.000	0.524	11760.000	0.575
11809.000	0.331	11809.000	0.474	11809.000	0.525	11809.000	0.577
11858.000	0.331	11858.000	0.475	11858.000	0.527	11858.000	0.578
11907.000	0.333	11907.000	0.478	11907.000	0.528	11907.000	0.581
11956.000	0.333	11956.000	0.479	11956.000	0.529	11956.000	0.582
12005.000	0.335	12005.000	0.480	12005.000	0.531	12005.000	0.584
12054.000	0.335	12054.000	0.481	12054.000	0.532	12054.000	0.585
12103.000	0.335	12103.000	0.482	12103.000	0.533	12103.000	0.586
12152.000	0.336	12152.000	0.484	12152.000	0.534	12152.000	0.588
12201.000	0.336	12201.000	0.484	12201.000	0.536	12201.000	0.590
12250.000	0.338	12250.000	0.487	12250.000	0.536	12250.000	0.590
12299.000	0.339	12299.000	0.486	12299.000	0.538	12299.000	0.592
12348.000	0.338	12348.000	0.488	12348.000	0.540	12348.000	0.594
12397.000	0.340	12397.000	0.490	12397.000	0.540	12397.000	0.596
12446.000	0.340	12446.000	0.491	12446.000	0.542	12446.000	0.598
12495.000	0.342	12495.000	0.492	12495.000	0.544	12495.000	0.599
12544.000	0.342	12544.000	0.493	12544.000	0.544	12544.000	0.601
12593.000	0.343	12593.000	0.494	12593.000	0.545	12593.000	0.602
12642.000	0.344	12642.000	0.495	12642.000	0.547	12642.000	0.604
12691.000	0.344	12691.000	0.497	12691.000	0.548	12691.000	0.606
12740.000	0.345	12740.000	0.498	12740.000	0.548	12740.000	0.606
12789.000	0.346	12789.000	0.499	12789.000	0.552	12789.000	0.608
12838.000	0.347	12838.000	0.500	12838.000	0.551	12838.000	0.610
12887.000	0.347	12887.000	0.500	12887.000	0.553	12887.000	0.611
12936.000	0.348	12936.000	0.503	12936.000	0.554	12936.000	0.613
12985.000	0.349	12985.000	0.504	12985.000	0.555	12985.000	0.615
13034.000	0.349	13034.000	0.505	13034.000	0.557	13034.000	0.617
13083.000	0.350	13083.000	0.507	13083.000	0.558	13083.000	0.618
13132.000	0.351	13132.000	0.507	13132.000	0.558	13132.000	0.619
13181.000	0.352	13181.000	0.509	13181.000	0.561	13181.000	0.620
13230.000	0.352	13230.000	0.510	13230.000	0.562	13230.000	0.621
13279.000	0.354	13279.000	0.511	13279.000	0.563	13279.000	0.623
13328.000	0.354	13328.000	0.511	13328.000	0.565	13328.000	0.625
13377.000	0.354	13377.000	0.513	13377.000	0.565	13377.000	0.627
13426.000	0.355	13426.000	0.514	13426.000	0.566	13426.000	0.628
13475.000	0.356	13475.000	0.515	13475.000	0.568	13475.000	0.629
13524.000	0.356	13524.000	0.515	13524.000	0.568	13524.000	0.631
13573.000	0.358	13573.000	0.518	13573.000	0.571	13573.000	0.631
13622.000	0.358	13622.000	0.518	13622.000	0.571	13622.000	0.634
13671.000	0.358	13671.000	0.520	13671.000	0.573	13671.000	0.636
13720.000	0.358	13720.000	0.521	13720.000	0.573	13720.000	0.637
13769.000	0.359	13769.000	0.523	13769.000	0.575	13769.000	0.638
13818.000	0.360	13818.000	0.523	13818.000	0.577	13818.000	0.640
13867.000	0.361	13867.000	0.525	13867.000	0.576	13867.000	0.639
13916.000	0.362	13916.000	0.525	13916.000	0.578	13916.000	0.641
13965.000	0.362	13965.000	0.526	13965.000	0.579	13965.000	0.643
14014.000	0.363	14014.000	0.527	14014.000	0.581	14014.000	0.645
14063.000	0.364	14063.000	0.529	14063.000	0.582	14063.000	0.647
14112.000	0.364	14112.000	0.529	14112.000	0.583	14112.000	0.647
14161.000	0.364	14161.000	0.531	14161.000	0.584	14161.000	0.649
14210.000	0.365	14210.000	0.532	14210.000	0.585	14210.000	0.651
14259.000	0.365	14259.000	0.533	14259.000	0.587	14259.000	0.651
14308.000	0.366	14308.000	0.534	14308.000	0.587	14308.000	0.654
14357.000	0.367	14357.000	0.535	14357.000	0.589	14357.000	0.655
14406.000	0.368	14406.000	0.536	14406.000	0.589	14406.000	0.656
14455.000	0.369	14455.000	0.537	14455.000	0.591	14455.000	0.659
14504.000	0.369	14504.000	0.539	14504.000	0.592	14504.000	0.659
14553.000	0.370	14553.000	0.539	14553.000	0.593	14553.000	0.661
14602.000	0.371	14602.000	0.540	14602.000	0.595	14602.000	0.662
14651.000	0.370	14651.000	0.542	14651.000	0.596	14651.000	0.663
14700.000	0.372	14700.000	0.543	14700.000	0.596	14700.000	0.664
14749.000	0.372	14749.000	0.543	14749.000	0.597	14749.000	0.666
14798.000	0.372	14798.000	0.545	14798.000	0.599	14798.000	0.668
14847.000	0.373	14847.000	0.546	14847.000	0.599	14847.000	0.668
14896.000	0.374	14896.000	0.547	14896.000	0.600	14896.000	0.672
14945.000	0.375	14945.000	0.548	14945.000	0.602	14945.000	0.673
14994.000	0.376	14994.000	0.550	14994.000	0.603	14994.000	0.674
15043.000	0.376	15043.000	0.550	15043.000	0.604	15043.000	0.675
15092.000	0.376	15092.000	0.551	15092.000	0.606	15092.000	0.676
15141.000	0.376	15141.000	0.552	15141.000	0.607	15141.000	0.678
15190.000	0.377	15190.000	0.554	15190.000	0.608	15190.000	0.679
15239.000	0.378	15239.000	0.556	15239.000	0.609	15239.000	0.680
15288.000	0.379	15288.000	0.556	15288.000	0.609	15288.000	0.681
15337.000	0.379	15337.000	0.556	15337.000	0.610	15337.000	0.683
15386.000	0.380	15386.000	0.557	15386.000	0.611	15386.000	0.684
15435.000	0.381	15435.000	0.559	15435.000	0.612	15435.000	0.685
15484.000	0.380	15484.000	0.560	15484.000	0.614	15484.000	0.687
15533.000	0.381	15533.000	0.560	15533.000	0.614	15533.000	0.689
15582.000	0.383	15582.000	0.561	15582.000	0.616	15582.000	0.690
15631.000	0.383	15631.000	0.563	15631.000	0.617	15631.000	0.690
15680.000	0.384	15680.000	0.563	15680.000	0.618	15680.000	0.692
15729.000	0.383	15729.000	0.564	15729.000	0.619	15729.000	0.693
15778.000	0.384	15778.000	0.565	15778.000	0.620	15778.000	0.694
15827.000	0.385	15827.000	0.566	15827.000	0.621	15827.000	0.698
15876.000	0.386	15876.000	0.567	15876.000	0.622	15876.000	0.698
15925.000	0.386	15925.000	0.569	15925.000	0.622	15925.000	0.699
15974.000	0.387	15974.000	0.570	15974.000	0.624	15974.000	0.701
16023.000	0.388	16023.000	0.570	16023.000	0.625	16023.000	0.702
16072.000	0.389	16072.000	0.572	16072.000	0.626	16072.000	0.702
16121.000	0.388	16121.000	0.573	16121.000	0.627	16121.000	0.705
16170.000	0.389	16170.000	0.573	16170.000	0.628	16170.000	0.703
16219.000	0.389	16219.000	0.575	16219.000	0.628	16219.000	0.708
16268.000	0.390	16268.000	0.575	16268.000	0.630	16268.000	0.708
16317.000	0.391	16317.000	0.577	16317.000	0.631	16317.000	0.709
16366.000	0.391	16366.000	0.578	16366.000	0.633	16366.000	0.711
16415.000	0.391	16415.000	0.578	16415.000	0.634	16415.000	0.712
16464.000	0.392	16464.000	0.580	16464.000	0.634	16464.000	0.713
16513.000	0.392	16513.000	0.581	16513.000	0.636	16513.000	0.716
16562.000	0.393	16562.000	0.581	16562.000	0.637	16562.000	0.716
16611.000	0.394	16611.000	0.582	16611.000	0.637	16611.000	0.718
16660.000	0.394	16660.000	0.583	16660.000	0.640	16660.000	0.718
16709.000	0.395	16709.000	0.585	16709.000	0.638	16709.000	0.720
16758.000	0.395	16758.000	0.586	16758.000	0.640	16758.000	0.721
16807.000	0.395	16807.000	0.587	16807.000	0.643	16807.000	0.722
16856.000	0.397	16856.000	0.588	16856.000	0.641	16856.000	0.723
16905.000	0.397	16905.000	0.589	16905.000	0.643	16905.000	0.725
16954.000	0.397	16954.000	0.590	16954.000	0.645	16954.000	0.725
17003.000	0.398	17003.000	0.591	17003.000	0.646	17003.000	0.726
17052.000	0.397	17052.000	0.591	17052.000	0.646	17052.000	0.728
17101.000	0.399	17101.000	0.592	17101.000	0.647	17101.000	0.729
17150.000	0.399	17150.000	0.592	17150.000	0.649	17150.000	0.731
17199.000	0.399	17199.000	0.594	17199.000	0.649	17199.000	0.733
17248.000	0.400	17248.000	0.595	17248.000	0.650	17248.000	0.734
17297.000	0.400	17297.000	0.596	17297.000	0.651	17297.000	0.735
17346.000	0.401	17346.000	0.598	17346.000	0.652	17346.000	0.734
17395.000	0.401	17395.000	0.598	17395.000	0.654	17395.000	0.736
17444.000	0.402	17444.000	0.599	17444.000	0.654	17444.000	0.738
17493.000	0.403	17493.000	0.600	17493.000	0.656	17493.000	0.741
17542.000	0.403	17542.000	0.600	17542.000	0.657	17542.000	0.741
17591.000	0.404	17591.000	0.601	17591.000	0.657	17591.000	0.743
17640.000	0.404	17640.000	0.601	17640.000	0.659	17640.000	0.745
17689.000	0.404	17689.000	0.604	17689.000	0.659	17689.000	0.746
17738.000	0.405	17738.000	0.605	17738.000	0.660	17738.000	0.746
17787.000	0.405	17787.000	0.606	17787.000	0.661	17787.000	0.747
17836.000	0.406	17836.000	0.606	17836.000	0.661	17836.000	0.749
17885.000	0.407	17885.000	0.607	17885.000	0.663	17885.000	0.751
17934.000	0.406	17934.000	0.608	17934.000	0.663	17934.000	0.750
17983.000	0.407	17983.000	0.610	17983.000	0.665	17983.000	0.752
							
							
							
