Batch	rate138.rre												
Evolution 600	161008												
Sample	Sample001	Sample	Sample002	Sample	Sample003	Sample	Sample004	Sample	Sample005	Sample	Sample006	Sample	Sample007
Data Mode	A	Data Mode	A	Data Mode	A	Data Mode	A	Data Mode	A	Data Mode	A	Data Mode	A
Smoothing	None	Smoothing	None	Smoothing	None	Smoothing	None	Smoothing	None	Smoothing	None	Smoothing	None
Date Collected	9/3/2010	Date Collected	9/3/2010	Date Collected	9/3/2010	Date Collected	9/3/2010	Date Collected	9/3/2010	Date Collected	9/3/2010	Date Collected	9/3/2010
Time Collected	3:58:03PM	Time Collected	3:58:10PM	Time Collected	3:58:17PM	Time Collected	3:58:25PM	Time Collected	3:58:32PM	Time Collected	3:58:39PM	Time Collected	3:58:47PM
ss.sss	Value	ss.sss	Value	ss.sss	Value	ss.sss	Value	ss.sss	Value	ss.sss	Value	ss.sss	Value
0.000	0.000	0.000	-0.004	0.000	-0.003	0.000	-0.005	0.000	-0.006	0.000	-0.010	0.000	-0.005
60.000	0.000	60.000	-0.004	60.000	-0.003	60.000	-0.005	60.000	-0.006	60.000	-0.010	60.000	-0.005
120.000	0.000	120.000	-0.004	120.000	-0.003	120.000	-0.005	120.000	-0.005	120.000	-0.010	120.000	-0.004
180.000	0.000	180.000	-0.004	180.000	-0.003	180.000	-0.005	180.000	-0.005	180.000	-0.010	180.000	-0.004
240.000	0.001	240.000	-0.003	240.000	-0.003	240.000	-0.005	240.000	-0.004	240.000	-0.010	240.000	-0.004
300.000	0.001	300.000	-0.003	300.000	-0.003	300.000	-0.005	300.000	-0.004	300.000	-0.010	300.000	-0.004
360.000	0.001	360.000	-0.003	360.000	-0.003	360.000	-0.005	360.000	-0.003	360.000	-0.010	360.000	-0.004
420.000	0.002	420.000	-0.002	420.000	-0.002	420.000	-0.004	420.000	-0.003	420.000	-0.010	420.000	-0.004
480.000	0.003	480.000	-0.002	480.000	-0.002	480.000	-0.004	480.000	-0.003	480.000	-0.010	480.000	-0.004
540.000	0.003	540.000	-0.002	540.000	-0.002	540.000	-0.004	540.000	-0.002	540.000	-0.010	540.000	-0.004
600.000	0.003	600.000	-0.001	600.000	-0.002	600.000	-0.003	600.000	-0.002	600.000	-0.010	600.000	-0.003
660.000	0.004	660.000	-0.001	660.000	-0.002	660.000	-0.004	660.000	-0.002	660.000	-0.009	660.000	-0.003
720.000	0.004	720.000	-0.001	720.000	-0.001	720.000	-0.003	720.000	-0.001	720.000	-0.010	720.000	-0.003
780.000	0.005	780.000	0.000	780.000	-0.001	780.000	-0.003	780.000	-0.001	780.000	-0.009	780.000	-0.003
840.000	0.005	840.000	0.000	840.000	0.000	840.000	-0.003	840.000	0.000	840.000	-0.009	840.000	-0.003
900.000	0.006	900.000	0.000	900.000	0.000	900.000	-0.002	900.000	0.000	900.000	-0.009	900.000	-0.003
960.000	0.006	960.000	0.001	960.000	0.000	960.000	-0.002	960.000	0.001	960.000	-0.009	960.000	-0.003
1020.000	0.007	1020.000	0.001	1020.000	0.000	1020.000	-0.002	1020.000	0.001	1020.000	-0.009	1020.000	-0.003
1080.000	0.007	1080.000	0.002	1080.000	0.001	1080.000	-0.001	1080.000	0.002	1080.000	-0.009	1080.000	-0.003
1140.000	0.008	1140.000	0.002	1140.000	0.001	1140.000	-0.001	1140.000	0.002	1140.000	-0.009	1140.000	-0.003
1200.000	0.008	1200.000	0.002	1200.000	0.002	1200.000	-0.001	1200.000	0.002	1200.000	-0.008	1200.000	-0.002
1260.000	0.008	1260.000	0.003	1260.000	0.002	1260.000	0.000	1260.000	0.003	1260.000	-0.008	1260.000	-0.002
1320.000	0.009	1320.000	0.004	1320.000	0.002	1320.000	0.000	1320.000	0.003	1320.000	-0.008	1320.000	-0.002
1380.000	0.010	1380.000	0.004	1380.000	0.003	1380.000	0.001	1380.000	0.003	1380.000	-0.008	1380.000	-0.002
1440.000	0.011	1440.000	0.004	1440.000	0.004	1440.000	0.001	1440.000	0.004	1440.000	-0.008	1440.000	-0.002
1500.000	0.011	1500.000	0.005	1500.000	0.004	1500.000	0.002	1500.000	0.004	1500.000	-0.008	1500.000	-0.002
1560.000	0.012	1560.000	0.006	1560.000	0.005	1560.000	0.002	1560.000	0.005	1560.000	-0.008	1560.000	-0.002
1620.000	0.012	1620.000	0.007	1620.000	0.005	1620.000	0.003	1620.000	0.005	1620.000	-0.008	1620.000	-0.002
1680.000	0.013	1680.000	0.007	1680.000	0.005	1680.000	0.003	1680.000	0.005	1680.000	-0.008	1680.000	-0.002
1740.000	0.014	1740.000	0.008	1740.000	0.006	1740.000	0.003	1740.000	0.005	1740.000	-0.008	1740.000	-0.002
1800.000	0.015	1800.000	0.008	1800.000	0.007	1800.000	0.004	1800.000	0.006	1800.000	-0.007	1800.000	-0.002
1860.000	0.015	1860.000	0.008	1860.000	0.007	1860.000	0.004	1860.000	0.007	1860.000	-0.007	1860.000	-0.001
1920.000	0.016	1920.000	0.009	1920.000	0.008	1920.000	0.005	1920.000	0.007	1920.000	-0.007	1920.000	-0.002
1980.000	0.016	1980.000	0.010	1980.000	0.008	1980.000	0.006	1980.000	0.007	1980.000	-0.007	1980.000	-0.001
2040.000	0.017	2040.000	0.011	2040.000	0.009	2040.000	0.006	2040.000	0.008	2040.000	-0.007	2040.000	-0.001
2100.000	0.018	2100.000	0.012	2100.000	0.009	2100.000	0.007	2100.000	0.008	2100.000	-0.007	2100.000	-0.001
2160.000	0.018	2160.000	0.012	2160.000	0.010	2160.000	0.007	2160.000	0.008	2160.000	-0.006	2160.000	-0.001
2220.000	0.018	2220.000	0.013	2220.000	0.011	2220.000	0.008	2220.000	0.009	2220.000	-0.006	2220.000	-0.001
2280.000	0.019	2280.000	0.013	2280.000	0.011	2280.000	0.009	2280.000	0.009	2280.000	-0.006	2280.000	-0.001
2340.000	0.020	2340.000	0.014	2340.000	0.012	2340.000	0.009	2340.000	0.009	2340.000	-0.006	2340.000	-0.001
2400.000	0.020	2400.000	0.015	2400.000	0.013	2400.000	0.010	2400.000	0.010	2400.000	-0.006	2400.000	-0.001
2460.000	0.021	2460.000	0.016	2460.000	0.014	2460.000	0.011	2460.000	0.010	2460.000	-0.006	2460.000	-0.001
2520.000	0.022	2520.000	0.017	2520.000	0.015	2520.000	0.011	2520.000	0.010	2520.000	-0.005	2520.000	-0.001
2580.000	0.023	2580.000	0.017	2580.000	0.016	2580.000	0.012	2580.000	0.011	2580.000	-0.006	2580.000	-0.001
2640.000	0.024	2640.000	0.018	2640.000	0.017	2640.000	0.013	2640.000	0.011	2640.000	-0.006	2640.000	-0.001
2700.000	0.024	2700.000	0.019	2700.000	0.017	2700.000	0.014	2700.000	0.011	2700.000	-0.005	2700.000	-0.001
2760.000	0.025	2760.000	0.020	2760.000	0.018	2760.000	0.014	2760.000	0.012	2760.000	-0.005	2760.000	-0.001
2820.000	0.026	2820.000	0.021	2820.000	0.018	2820.000	0.015	2820.000	0.012	2820.000	-0.005	2820.000	-0.001
2880.000	0.027	2880.000	0.022	2880.000	0.019	2880.000	0.016	2880.000	0.012	2880.000	-0.005	2880.000	0.000
2940.000	0.027	2940.000	0.023	2940.000	0.018	2940.000	0.016	2940.000	0.013	2940.000	-0.005	2940.000	-0.001
3000.000	0.028	3000.000	0.024	3000.000	0.019	3000.000	0.017	3000.000	0.013	3000.000	-0.005	3000.000	0.000
3060.000	0.029	3060.000	0.025	3060.000	0.020	3060.000	0.018	3060.000	0.013	3060.000	-0.005	3060.000	0.000
3120.000	0.030	3120.000	0.026	3120.000	0.020	3120.000	0.019	3120.000	0.014	3120.000	-0.004	3120.000	0.000
3180.000	0.030	3180.000	0.027	3180.000	0.021	3180.000	0.020	3180.000	0.014	3180.000	-0.004	3180.000	0.000
3240.000	0.031	3240.000	0.028	3240.000	0.022	3240.000	0.021	3240.000	0.014	3240.000	-0.004	3240.000	0.000
3300.000	0.032	3300.000	0.029	3300.000	0.023	3300.000	0.022	3300.000	0.015	3300.000	-0.004	3300.000	0.000
3360.000	0.033	3360.000	0.029	3360.000	0.024	3360.000	0.014	3360.000	0.015	3360.000	-0.004	3360.000	0.000
3420.000	0.034	3420.000	0.030	3420.000	0.020	3420.000	0.015	3420.000	0.015	3420.000	-0.004	3420.000	0.001
3480.000	0.035	3480.000	0.031	3480.000	0.021	3480.000	0.016	3480.000	0.016	3480.000	-0.004	3480.000	0.000
3540.000	0.036	3540.000	0.032	3540.000	0.022	3540.000	0.016	3540.000	0.016	3540.000	-0.003	3540.000	0.000
3600.000	0.032	3600.000	0.033	3600.000	0.023	3600.000	0.007	3600.000	0.017	3600.000	-0.004	3600.000	0.000
3660.000	0.033	3660.000	0.034	3660.000	0.023	3660.000	0.007	3660.000	0.017	3660.000	-0.003	3660.000	0.000
3720.000	0.034	3720.000	0.035	3720.000	0.024	3720.000	0.008	3720.000	0.017	3720.000	-0.003	3720.000	0.000
3780.000	0.035	3780.000	0.036	3780.000	0.025	3780.000	0.009	3780.000	0.017	3780.000	-0.003	3780.000	0.001
3840.000	0.035	3840.000	0.037	3840.000	0.026	3840.000	0.009	3840.000	0.018	3840.000	-0.003	3840.000	0.000
3900.000	0.036	3900.000	0.038	3900.000	0.027	3900.000	0.009	3900.000	0.018	3900.000	-0.003	3900.000	0.001
3960.000	0.037	3960.000	0.039	3960.000	0.028	3960.000	0.010	3960.000	0.019	3960.000	-0.003	3960.000	0.001
4020.000	0.037	4020.000	0.040	4020.000	0.028	4020.000	0.010	4020.000	0.019	4020.000	-0.003	4020.000	0.001
4080.000	0.037	4080.000	0.041	4080.000	0.030	4080.000	0.010	4080.000	0.019	4080.000	-0.003	4080.000	0.001
4140.000	0.038	4140.000	0.041	4140.000	0.030	4140.000	0.011	4140.000	0.019	4140.000	-0.002	4140.000	0.001
4200.000	0.038	4200.000	0.043	4200.000	0.032	4200.000	0.011	4200.000	0.019	4200.000	-0.002	4200.000	0.001
4260.000	0.039	4260.000	0.044	4260.000	0.033	4260.000	0.011	4260.000	0.020	4260.000	-0.002	4260.000	0.001
4320.000	0.040	4320.000	0.044	4320.000	0.029	4320.000	0.012	4320.000	0.020	4320.000	-0.002	4320.000	0.001
4380.000	0.041	4380.000	0.044	4380.000	0.029	4380.000	0.012	4380.000	0.021	4380.000	-0.002	4380.000	0.001
4440.000	0.041	4440.000	0.046	4440.000	0.030	4440.000	0.013	4440.000	0.021	4440.000	-0.002	4440.000	0.001
4500.000	0.042	4500.000	0.045	4500.000	0.030	4500.000	0.013	4500.000	0.021	4500.000	-0.001	4500.000	0.001
4560.000	0.042	4560.000	0.046	4560.000	0.031	4560.000	0.014	4560.000	0.022	4560.000	-0.001	4560.000	0.001
4620.000	0.043	4620.000	0.047	4620.000	0.031	4620.000	0.014	4620.000	0.022	4620.000	-0.001	4620.000	0.001
4680.000	0.044	4680.000	0.047	4680.000	0.032	4680.000	0.015	4680.000	0.022	4680.000	-0.001	4680.000	0.001
4740.000	0.044	4740.000	0.047	4740.000	0.032	4740.000	0.015	4740.000	0.022	4740.000	-0.001	4740.000	0.001
4800.000	0.044	4800.000	0.049	4800.000	0.033	4800.000	0.016	4800.000	0.023	4800.000	0.000	4800.000	0.001
4860.000	0.044	4860.000	0.050	4860.000	0.033	4860.000	0.016	4860.000	0.023	4860.000	-0.001	4860.000	0.001
4920.000	0.044	4920.000	0.050	4920.000	0.033	4920.000	0.017	4920.000	0.023	4920.000	-0.001	4920.000	0.001
4980.000	0.045	4980.000	0.051	4980.000	0.030	4980.000	0.017	4980.000	0.024	4980.000	0.000	4980.000	0.001
5040.000	0.046	5040.000	0.052	5040.000	0.031	5040.000	0.018	5040.000	0.024	5040.000	0.000	5040.000	0.001
5100.000	0.046	5100.000	0.052	5100.000	0.030	5100.000	0.018	5100.000	0.024	5100.000	0.000	5100.000	0.001
5160.000	0.047	5160.000	0.053	5160.000	0.022	5160.000	0.019	5160.000	0.024	5160.000	0.000	5160.000	0.001
5220.000	0.047	5220.000	0.054	5220.000	0.023	5220.000	0.019	5220.000	0.025	5220.000	0.000	5220.000	0.002
5280.000	0.047	5280.000	0.055	5280.000	0.024	5280.000	0.020	5280.000	0.025	5280.000	0.000	5280.000	0.002
5340.000	0.048	5340.000	0.056	5340.000	0.024	5340.000	0.020	5340.000	0.025	5340.000	0.000	5340.000	0.002
5400.000	0.049	5400.000	0.056	5400.000	0.025	5400.000	0.021	5400.000	0.026	5400.000	0.001	5400.000	0.002
5460.000	0.049	5460.000	0.057	5460.000	0.025	5460.000	0.022	5460.000	0.026	5460.000	0.001	5460.000	0.002
5520.000	0.050	5520.000	0.057	5520.000	0.026	5520.000	0.022	5520.000	0.026	5520.000	0.001	5520.000	0.002
5580.000	0.050	5580.000	0.058	5580.000	0.025	5580.000	0.023	5580.000	0.026	5580.000	0.001	5580.000	0.002
5640.000	0.051	5640.000	0.058	5640.000	0.025	5640.000	0.023	5640.000	0.026	5640.000	0.001	5640.000	0.002
5700.000	0.052	5700.000	0.059	5700.000	0.024	5700.000	0.024	5700.000	0.027	5700.000	0.001	5700.000	0.002
5760.000	0.052	5760.000	0.060	5760.000	0.024	5760.000	0.024	5760.000	0.027	5760.000	0.001	5760.000	0.002
5820.000	0.049	5820.000	0.061	5820.000	0.025	5820.000	0.025	5820.000	0.027	5820.000	0.001	5820.000	0.002
5880.000	0.047	5880.000	0.062	5880.000	0.026	5880.000	0.025	5880.000	0.028	5880.000	0.002	5880.000	0.002
5940.000	0.048	5940.000	0.062	5940.000	0.026	5940.000	0.026	5940.000	0.028	5940.000	0.002	5940.000	0.002
6000.000	0.048	6000.000	0.063	6000.000	0.027	6000.000	0.027	6000.000	0.028	6000.000	0.002	6000.000	0.003
6060.000	0.049	6060.000	0.064	6060.000	0.028	6060.000	0.028	6060.000	0.029	6060.000	0.002	6060.000	0.002
6120.000	0.049	6120.000	0.064	6120.000	0.025	6120.000	0.030	6120.000	0.029	6120.000	0.002	6120.000	0.003
6180.000	0.050	6180.000	0.065	6180.000	0.026	6180.000	0.031	6180.000	0.029	6180.000	0.002	6180.000	0.003
6240.000	0.050	6240.000	0.066	6240.000	0.026	6240.000	0.030	6240.000	0.029	6240.000	0.003	6240.000	0.002
6300.000	0.051	6300.000	0.067	6300.000	0.027	6300.000	0.031	6300.000	0.030	6300.000	0.002	6300.000	0.003
6360.000	0.051	6360.000	0.067	6360.000	0.028	6360.000	0.036	6360.000	0.030	6360.000	0.003	6360.000	0.003
6420.000	0.052	6420.000	0.068	6420.000	0.028	6420.000	0.038	6420.000	0.030	6420.000	0.003	6420.000	0.003
6480.000	0.052	6480.000	0.068	6480.000	0.028	6480.000	0.038	6480.000	0.031	6480.000	0.003	6480.000	0.003
6540.000	0.052	6540.000	0.069	6540.000	0.029	6540.000	0.040	6540.000	0.031	6540.000	0.003	6540.000	0.003
6600.000	0.053	6600.000	0.069	6600.000	0.029	6600.000	0.040	6600.000	0.031	6600.000	0.003	6600.000	0.003
6660.000	0.053	6660.000	0.070	6660.000	0.031	6660.000	0.041	6660.000	0.031	6660.000	0.004	6660.000	0.003
6720.000	0.053	6720.000	0.070	6720.000	0.031	6720.000	0.042	6720.000	0.032	6720.000	0.004	6720.000	0.003
6780.000	0.054	6780.000	0.071	6780.000	0.032	6780.000	0.043	6780.000	0.032	6780.000	0.004	6780.000	0.003
6840.000	0.054	6840.000	0.067	6840.000	0.033	6840.000	0.044	6840.000	0.032	6840.000	0.004	6840.000	0.003
6900.000	0.055	6900.000	0.068	6900.000	0.034	6900.000	0.045	6900.000	0.032	6900.000	0.004	6900.000	0.003
6960.000	0.055	6960.000	0.068	6960.000	0.035	6960.000	0.046	6960.000	0.033	6960.000	0.004	6960.000	0.003
7020.000	0.056	7020.000	0.069	7020.000	0.036	7020.000	0.046	7020.000	0.033	7020.000	0.004	7020.000	0.004
7080.000	0.057	7080.000	0.070	7080.000	0.037	7080.000	0.047	7080.000	0.033	7080.000	0.004	7080.000	0.004
7140.000	0.057	7140.000	0.070	7140.000	0.038	7140.000	0.049	7140.000	0.033	7140.000	0.004	7140.000	0.004
7200.000	0.058	7200.000	0.071	7200.000	0.039	7200.000	0.049	7200.000	0.034	7200.000	0.005	7200.000	0.004
7260.000	0.058	7260.000	0.072	7260.000	0.040	7260.000	0.050	7260.000	0.034	7260.000	0.005	7260.000	0.004
7320.000	0.058	7320.000	0.072	7320.000	0.028	7320.000	0.051	7320.000	0.034	7320.000	0.005	7320.000	0.003
7380.000	0.042	7380.000	0.073	7380.000	0.028	7380.000	0.051	7380.000	0.035	7380.000	0.005	7380.000	0.004
7440.000	0.043	7440.000	0.073	7440.000	0.029	7440.000	0.052	7440.000	0.035	7440.000	0.005	7440.000	0.004
7500.000	0.043	7500.000	0.074	7500.000	0.029	7500.000	0.053	7500.000	0.035	7500.000	0.005	7500.000	0.004
7560.000	0.043	7560.000	0.074	7560.000	0.029	7560.000	0.054	7560.000	0.035	7560.000	0.005	7560.000	0.004
7620.000	0.044	7620.000	0.075	7620.000	0.030	7620.000	0.054	7620.000	0.036	7620.000	0.006	7620.000	0.004
7680.000	0.044	7680.000	0.076	7680.000	0.030	7680.000	0.056	7680.000	0.036	7680.000	0.006	7680.000	0.004
7740.000	0.044	7740.000	0.077	7740.000	0.031	7740.000	0.056	7740.000	0.036	7740.000	0.006	7740.000	0.004
7800.000	0.044	7800.000	0.078	7800.000	0.032	7800.000	0.057	7800.000	0.037	7800.000	0.006	7800.000	0.004
7860.000	0.045	7860.000	0.078	7860.000	0.032	7860.000	0.058	7860.000	0.037	7860.000	0.006	7860.000	0.004
7920.000	0.045	7920.000	0.079	7920.000	0.033	7920.000	0.059	7920.000	0.037	7920.000	0.006	7920.000	0.005
7980.000	0.046	7980.000	0.079	7980.000	0.033	7980.000	0.060	7980.000	0.037	7980.000	0.006	7980.000	0.004
8040.000	0.046	8040.000	0.080	8040.000	0.033	8040.000	0.060	8040.000	0.037	8040.000	0.007	8040.000	0.004
8100.000	0.047	8100.000	0.081	8100.000	0.034	8100.000	0.061	8100.000	0.038	8100.000	0.007	8100.000	0.004
8160.000	0.047	8160.000	0.082	8160.000	0.035	8160.000	0.062	8160.000	0.038	8160.000	0.007	8160.000	0.004
8220.000	0.047	8220.000	0.082	8220.000	0.035	8220.000	0.062	8220.000	0.038	8220.000	0.007	8220.000	0.004
8280.000	0.048	8280.000	0.083	8280.000	0.036	8280.000	0.057	8280.000	0.038	8280.000	0.007	8280.000	0.005
8340.000	0.048	8340.000	0.083	8340.000	0.036	8340.000	0.057	8340.000	0.039	8340.000	0.007	8340.000	0.005
8400.000	0.048	8400.000	0.084	8400.000	0.037	8400.000	0.058	8400.000	0.039	8400.000	0.007	8400.000	0.005
8460.000	0.048	8460.000	0.085	8460.000	0.037	8460.000	0.059	8460.000	0.039	8460.000	0.007	8460.000	0.005
8520.000	0.049	8520.000	0.086	8520.000	0.038	8520.000	0.059	8520.000	0.039	8520.000	0.007	8520.000	0.005
8580.000	0.049	8580.000	0.077	8580.000	0.039	8580.000	0.061	8580.000	0.040	8580.000	0.008	8580.000	0.005
8640.000	0.049	8640.000	0.077	8640.000	0.039	8640.000	0.061	8640.000	0.040	8640.000	0.008	8640.000	0.005
8700.000	0.050	8700.000	0.078	8700.000	0.040	8700.000	0.062	8700.000	0.040	8700.000	0.008	8700.000	0.005
8760.000	0.050	8760.000	0.079	8760.000	0.040	8760.000	0.063	8760.000	0.040	8760.000	0.008	8760.000	0.005
8820.000	0.051	8820.000	0.079	8820.000	0.042	8820.000	0.063	8820.000	0.041	8820.000	0.008	8820.000	0.005
8880.000	0.051	8880.000	0.079	8880.000	0.022	8880.000	0.064	8880.000	0.041	8880.000	0.008	8880.000	0.005
8940.000	0.051	8940.000	0.080	8940.000	0.022	8940.000	0.064	8940.000	0.041	8940.000	0.008	8940.000	0.005
9000.000	0.051	9000.000	0.081	9000.000	0.023	9000.000	0.065	9000.000	0.041	9000.000	0.009	9000.000	0.005
9060.000	0.051	9060.000	0.081	9060.000	0.023	9060.000	0.066	9060.000	0.042	9060.000	0.009	9060.000	0.005
9120.000	0.052	9120.000	0.082	9120.000	0.023	9120.000	0.066	9120.000	0.042	9120.000	0.009	9120.000	0.006
9180.000	0.052	9180.000	0.082	9180.000	0.023	9180.000	0.067	9180.000	0.042	9180.000	0.009	9180.000	0.005
9240.000	0.053	9240.000	0.083	9240.000	0.024	9240.000	0.068	9240.000	0.043	9240.000	0.009	9240.000	0.006
9300.000	0.053	9300.000	0.083	9300.000	0.024	9300.000	0.068	9300.000	0.042	9300.000	0.009	9300.000	0.006
9360.000	0.053	9360.000	0.083	9360.000	0.024	9360.000	0.069	9360.000	0.043	9360.000	0.010	9360.000	0.006
9420.000	0.054	9420.000	0.083	9420.000	0.024	9420.000	0.069	9420.000	0.044	9420.000	0.010	9420.000	0.006
9480.000	0.054	9480.000	0.083	9480.000	0.025	9480.000	0.070	9480.000	0.044	9480.000	0.009	9480.000	0.006
9540.000	0.054	9540.000	0.084	9540.000	0.025	9540.000	0.071	9540.000	0.044	9540.000	0.010	9540.000	0.006
9600.000	0.055	9600.000	0.085	9600.000	0.025	9600.000	0.072	9600.000	0.044	9600.000	0.010	9600.000	0.006
9660.000	0.055	9660.000	0.085	9660.000	0.025	9660.000	0.073	9660.000	0.044	9660.000	0.010	9660.000	0.006
9720.000	0.055	9720.000	0.086	9720.000	0.026	9720.000	0.073	9720.000	0.044	9720.000	0.010	9720.000	0.006
9780.000	0.056	9780.000	0.086	9780.000	0.026	9780.000	0.074	9780.000	0.045	9780.000	0.010	9780.000	0.006
9840.000	0.056	9840.000	0.087	9840.000	0.026	9840.000	0.075	9840.000	0.045	9840.000	0.011	9840.000	0.006
9900.000	0.056	9900.000	0.088	9900.000	0.026	9900.000	0.075	9900.000	0.045	9900.000	0.010	9900.000	0.006
9960.000	0.057	9960.000	0.088	9960.000	0.027	9960.000	0.076	9960.000	0.045	9960.000	0.011	9960.000	0.006
10020.000	0.057	10020.000	0.089	10020.000	0.027	10020.000	0.077	10020.000	0.046	10020.000	0.011	10020.000	0.007
10080.000	0.057	10080.000	0.090	10080.000	0.027	10080.000	0.078	10080.000	0.046	10080.000	0.011	10080.000	0.007
10140.000	0.058	10140.000	0.090	10140.000	0.028	10140.000	0.079	10140.000	0.046	10140.000	0.011	10140.000	0.006
10200.000	0.058	10200.000	0.091	10200.000	0.028	10200.000	0.079	10200.000	0.046	10200.000	0.011	10200.000	0.007
10260.000	0.058	10260.000	0.091	10260.000	0.029	10260.000	0.080	10260.000	0.047	10260.000	0.011	10260.000	0.007
10320.000	0.058	10320.000	0.092	10320.000	0.029	10320.000	0.080	10320.000	0.047	10320.000	0.011	10320.000	0.007
10380.000	0.059	10380.000	0.093	10380.000	0.029	10380.000	0.082	10380.000	0.047	10380.000	0.012	10380.000	0.006
10440.000	0.059	10440.000	0.094	10440.000	0.030	10440.000	0.082	10440.000	0.047	10440.000	0.011	10440.000	0.007
10500.000	0.060	10500.000	0.095	10500.000	0.030	10500.000	0.083	10500.000	0.047	10500.000	0.012	10500.000	0.007
10560.000	0.060	10560.000	0.095	10560.000	0.030	10560.000	0.083	10560.000	0.048	10560.000	0.012	10560.000	0.007
10620.000	0.060	10620.000	0.096	10620.000	0.031	10620.000	0.084	10620.000	0.048	10620.000	0.012	10620.000	0.007
10680.000	0.061	10680.000	0.097	10680.000	0.031	10680.000	0.084	10680.000	0.048	10680.000	0.012	10680.000	0.007
10740.000	0.061	10740.000	0.098	10740.000	0.031	10740.000	0.085	10740.000	0.048	10740.000	0.012	10740.000	0.007
10800.000	0.061	10800.000	0.099	10800.000	0.031	10800.000	0.086	10800.000	0.049	10800.000	0.012	10800.000	0.007
10860.000	0.061	10860.000	0.102	10860.000	0.032	10860.000	0.087	10860.000	0.049	10860.000	0.013	10860.000	0.008
10920.000	0.062	10920.000	0.097	10920.000	0.032	10920.000	0.087	10920.000	0.049	10920.000	0.012	10920.000	0.007
10980.000	0.062	10980.000	0.098	10980.000	0.032	10980.000	0.088	10980.000	0.049	10980.000	0.013	10980.000	0.007
11040.000	0.063	11040.000	0.099	11040.000	0.033	11040.000	0.089	11040.000	0.049	11040.000	0.013	11040.000	0.007
11100.000	0.063	11100.000	0.099	11100.000	0.033	11100.000	0.090	11100.000	0.050	11100.000	0.013	11100.000	0.008
11160.000	0.063	11160.000	0.100	11160.000	0.033	11160.000	0.090	11160.000	0.050	11160.000	0.013	11160.000	0.007
11220.000	0.064	11220.000	0.101	11220.000	0.034	11220.000	0.091	11220.000	0.050	11220.000	0.013	11220.000	0.008
11280.000	0.064	11280.000	0.101	11280.000	0.034	11280.000	0.092	11280.000	0.050	11280.000	0.013	11280.000	0.008
11340.000	0.064	11340.000	0.102	11340.000	0.034	11340.000	0.092	11340.000	0.051	11340.000	0.013	11340.000	0.008
11400.000	0.065	11400.000	0.102	11400.000	0.035	11400.000	0.093	11400.000	0.051	11400.000	0.014	11400.000	0.008
11460.000	0.065	11460.000	0.103	11460.000	0.035	11460.000	0.094	11460.000	0.051	11460.000	0.014	11460.000	0.008
11520.000	0.066	11520.000	0.103	11520.000	0.035	11520.000	0.094	11520.000	0.051	11520.000	0.014	11520.000	0.008
11580.000	0.066	11580.000	0.104	11580.000	0.036	11580.000	0.095	11580.000	0.052	11580.000	0.014	11580.000	0.008
11640.000	0.066	11640.000	0.105	11640.000	0.036	11640.000	0.096	11640.000	0.052	11640.000	0.014	11640.000	0.008
11700.000	0.067	11700.000	0.105	11700.000	0.037	11700.000	0.096	11700.000	0.052	11700.000	0.014	11700.000	0.008
11760.000	0.067	11760.000	0.106	11760.000	0.037	11760.000	0.098	11760.000	0.053	11760.000	0.015	11760.000	0.008
11820.000	0.067	11820.000	0.106	11820.000	0.037	11820.000	0.098	11820.000	0.052	11820.000	0.015	11820.000	0.008
11880.000	0.068	11880.000	0.106	11880.000	0.037	11880.000	0.099	11880.000	0.053	11880.000	0.015	11880.000	0.008
11940.000	0.067	11940.000	0.108	11940.000	0.038	11940.000	0.100	11940.000	0.053	11940.000	0.015	11940.000	0.008
12000.000	0.068	12000.000	0.108	12000.000	0.038	12000.000	0.100	12000.000	0.053	12000.000	0.015	12000.000	0.008
12060.000	0.068	12060.000	0.109	12060.000	0.038	12060.000	0.101	12060.000	0.054	12060.000	0.015	12060.000	0.009
12120.000	0.069	12120.000	0.109	12120.000	0.039	12120.000	0.102	12120.000	0.054	12120.000	0.015	12120.000	0.008
12180.000	0.069	12180.000	0.110	12180.000	0.039	12180.000	0.103	12180.000	0.054	12180.000	0.015	12180.000	0.009
12240.000	0.069	12240.000	0.110	12240.000	0.039	12240.000	0.103	12240.000	0.054	12240.000	0.015	12240.000	0.008
12300.000	0.070	12300.000	0.111	12300.000	0.040	12300.000	0.104	12300.000	0.054	12300.000	0.016	12300.000	0.009
12360.000	0.070	12360.000	0.112	12360.000	0.040	12360.000	0.104	12360.000	0.055	12360.000	0.016	12360.000	0.009
12420.000	0.070	12420.000	0.112	12420.000	0.040	12420.000	0.105	12420.000	0.055	12420.000	0.016	12420.000	0.008
12480.000	0.071	12480.000	0.113	12480.000	0.041	12480.000	0.105	12480.000	0.055	12480.000	0.016	12480.000	0.009
12540.000	0.071	12540.000	0.113	12540.000	0.041	12540.000	0.106	12540.000	0.055	12540.000	0.016	12540.000	0.009
12600.000	0.072	12600.000	0.114	12600.000	0.042	12600.000	0.106	12600.000	0.056	12600.000	0.016	12600.000	0.009
12660.000	0.072	12660.000	0.116	12660.000	0.042	12660.000	0.103	12660.000	0.056	12660.000	0.016	12660.000	0.009
12720.000	0.072	12720.000	0.116	12720.000	0.042	12720.000	0.095	12720.000	0.056	12720.000	0.017	12720.000	0.009
12780.000	0.072	12780.000	0.117	12780.000	0.043	12780.000	0.095	12780.000	0.056	12780.000	0.017	12780.000	0.009
12840.000	0.073	12840.000	0.118	12840.000	0.043	12840.000	0.095	12840.000	0.056	12840.000	0.017	12840.000	0.009
12900.000	0.073	12900.000	0.119	12900.000	0.043	12900.000	0.095	12900.000	0.056	12900.000	0.017	12900.000	0.009
12960.000	0.073	12960.000	0.119	12960.000	0.043	12960.000	0.095	12960.000	0.057	12960.000	0.017	12960.000	0.009
13020.000	0.074	13020.000	0.119	13020.000	0.044	13020.000	0.095	13020.000	0.057	13020.000	0.017	13020.000	0.009
13080.000	0.074	13080.000	0.119	13080.000	0.045	13080.000	0.094	13080.000	0.057	13080.000	0.017	13080.000	0.009
13140.000	0.074	13140.000	0.120	13140.000	0.045	13140.000	0.092	13140.000	0.057	13140.000	0.017	13140.000	0.010
13200.000	0.074	13200.000	0.122	13200.000	0.045	13200.000	0.091	13200.000	0.058	13200.000	0.017	13200.000	0.009
13260.000	0.075	13260.000	0.120	13260.000	0.045	13260.000	0.091	13260.000	0.058	13260.000	0.018	13260.000	0.010
13320.000	0.075	13320.000	0.121	13320.000	0.046	13320.000	0.091	13320.000	0.058	13320.000	0.018	13320.000	0.009
13380.000	0.075	13380.000	0.130	13380.000	0.046	13380.000	0.091	13380.000	0.059	13380.000	0.018	13380.000	0.010
13440.000	0.076	13440.000	0.117	13440.000	0.047	13440.000	0.091	13440.000	0.059	13440.000	0.018	13440.000	0.010
13500.000	0.076	13500.000	0.118	13500.000	0.047	13500.000	0.092	13500.000	0.059	13500.000	0.018	13500.000	0.010
13560.000	0.077	13560.000	0.118	13560.000	0.047	13560.000	0.092	13560.000	0.059	13560.000	0.018	13560.000	0.010
13620.000	0.077	13620.000	0.119	13620.000	0.048	13620.000	0.093	13620.000	0.059	13620.000	0.018	13620.000	0.010
13680.000	0.077	13680.000	0.120	13680.000	0.048	13680.000	0.093	13680.000	0.059	13680.000	0.018	13680.000	0.010
13740.000	0.077	13740.000	0.120	13740.000	0.049	13740.000	0.093	13740.000	0.060	13740.000	0.018	13740.000	0.010
13800.000	0.078	13800.000	0.121	13800.000	0.049	13800.000	0.094	13800.000	0.060	13800.000	0.019	13800.000	0.010
13860.000	0.079	13860.000	0.121	13860.000	0.049	13860.000	0.094	13860.000	0.060	13860.000	0.019	13860.000	0.010
13920.000	0.079	13920.000	0.122	13920.000	0.049	13920.000	0.095	13920.000	0.060	13920.000	0.019	13920.000	0.010
13980.000	0.079	13980.000	0.123	13980.000	0.049	13980.000	0.095	13980.000	0.060	13980.000	0.019	13980.000	0.010
14040.000	0.079	14040.000	0.124	14040.000	0.050	14040.000	0.096	14040.000	0.061	14040.000	0.019	14040.000	0.010
14100.000	0.080	14100.000	0.124	14100.000	0.050	14100.000	0.096	14100.000	0.061	14100.000	0.019	14100.000	0.011
14160.000	0.080	14160.000	0.126	14160.000	0.051	14160.000	0.096	14160.000	0.061	14160.000	0.019	14160.000	0.011
14220.000	0.080	14220.000	0.128	14220.000	0.051	14220.000	0.097	14220.000	0.061	14220.000	0.019	14220.000	0.010
14280.000	0.081	14280.000	0.129	14280.000	0.051	14280.000	0.097	14280.000	0.062	14280.000	0.020	14280.000	0.011
14340.000	0.081	14340.000	0.128	14340.000	0.052	14340.000	0.098	14340.000	0.061	14340.000	0.020	14340.000	0.011
14400.000	0.081	14400.000	0.130	14400.000	0.052	14400.000	0.097	14400.000	0.062	14400.000	0.020	14400.000	0.011
14460.000	0.082	14460.000	0.131	14460.000	0.053	14460.000	0.098	14460.000	0.062	14460.000	0.020	14460.000	0.011
14520.000	0.082	14520.000	0.132	14520.000	0.053	14520.000	0.099	14520.000	0.062	14520.000	0.020	14520.000	0.011
14580.000	0.082	14580.000	0.133	14580.000	0.053	14580.000	0.100	14580.000	0.063	14580.000	0.020	14580.000	0.011
14640.000	0.083	14640.000	0.134	14640.000	0.054	14640.000	0.100	14640.000	0.063	14640.000	0.020	14640.000	0.011
14700.000	0.083	14700.000	0.135	14700.000	0.054	14700.000	0.100	14700.000	0.063	14700.000	0.020	14700.000	0.011
14760.000	0.084	14760.000	0.136	14760.000	0.055	14760.000	0.101	14760.000	0.063	14760.000	0.020	14760.000	0.011
14820.000	0.083	14820.000	0.137	14820.000	0.055	14820.000	0.101	14820.000	0.064	14820.000	0.021	14820.000	0.011
14880.000	0.084	14880.000	0.138	14880.000	0.056	14880.000	0.101	14880.000	0.064	14880.000	0.021	14880.000	0.011
14940.000	0.084	14940.000	0.139	14940.000	0.056	14940.000	0.101	14940.000	0.064	14940.000	0.021	14940.000	0.011
15000.000	0.084	15000.000	0.139	15000.000	0.056	15000.000	0.102	15000.000	0.064	15000.000	0.021	15000.000	0.011
15060.000	0.085	15060.000	0.136	15060.000	0.057	15060.000	0.103	15060.000	0.064	15060.000	0.021	15060.000	0.011
15120.000	0.085	15120.000	0.116	15120.000	0.057	15120.000	0.102	15120.000	0.065	15120.000	0.021	15120.000	0.011
15180.000	0.085	15180.000	0.117	15180.000	0.057	15180.000	0.102	15180.000	0.065	15180.000	0.021	15180.000	0.011
15240.000	0.086	15240.000	0.117	15240.000	0.058	15240.000	0.097	15240.000	0.065	15240.000	0.021	15240.000	0.011
15300.000	0.086	15300.000	0.118	15300.000	0.058	15300.000	0.097	15300.000	0.065	15300.000	0.022	15300.000	0.011
15360.000	0.086	15360.000	0.118	15360.000	0.059	15360.000	0.097	15360.000	0.065	15360.000	0.022	15360.000	0.012
15420.000	0.086	15420.000	0.119	15420.000	0.059	15420.000	0.098	15420.000	0.065	15420.000	0.022	15420.000	0.011
15480.000	0.087	15480.000	0.120	15480.000	0.059	15480.000	0.098	15480.000	0.066	15480.000	0.022	15480.000	0.012
15540.000	0.087	15540.000	0.121	15540.000	0.060	15540.000	0.099	15540.000	0.066	15540.000	0.022	15540.000	0.012
15600.000	0.087	15600.000	0.121	15600.000	0.060	15600.000	0.085	15600.000	0.066	15600.000	0.022	15600.000	0.012
15660.000	0.088	15660.000	0.122	15660.000	0.060	15660.000	0.051	15660.000	0.066	15660.000	0.022	15660.000	0.012
15720.000	0.088	15720.000	0.123	15720.000	0.061	15720.000	0.051	15720.000	0.066	15720.000	0.022	15720.000	0.012
15780.000	0.088	15780.000	0.123	15780.000	0.061	15780.000	0.051	15780.000	0.067	15780.000	0.023	15780.000	0.012
15840.000	0.088	15840.000	0.124	15840.000	0.061	15840.000	0.051	15840.000	0.067	15840.000	0.023	15840.000	0.012
15900.000	0.089	15900.000	0.124	15900.000	0.062	15900.000	0.052	15900.000	0.067	15900.000	0.023	15900.000	0.012
15960.000	0.089	15960.000	0.125	15960.000	0.062	15960.000	0.052	15960.000	0.067	15960.000	0.023	15960.000	0.012
16020.000	0.089	16020.000	0.126	16020.000	0.062	16020.000	0.052	16020.000	0.068	16020.000	0.023	16020.000	0.012
16080.000	0.090	16080.000	0.127	16080.000	0.063	16080.000	0.052	16080.000	0.068	16080.000	0.023	16080.000	0.012
16140.000	0.089	16140.000	0.127	16140.000	0.063	16140.000	0.053	16140.000	0.068	16140.000	0.023	16140.000	0.012
16200.000	0.089	16200.000	0.127	16200.000	0.063	16200.000	0.053	16200.000	0.068	16200.000	0.023	16200.000	0.012
16260.000	0.090	16260.000	0.129	16260.000	0.064	16260.000	0.053	16260.000	0.068	16260.000	0.023	16260.000	0.013
16320.000	0.090	16320.000	0.129	16320.000	0.065	16320.000	0.053	16320.000	0.069	16320.000	0.023	16320.000	0.012
16380.000	0.091	16380.000	0.130	16380.000	0.065	16380.000	0.054	16380.000	0.069	16380.000	0.024	16380.000	0.013
16440.000	0.091	16440.000	0.131	16440.000	0.065	16440.000	0.054	16440.000	0.069	16440.000	0.024	16440.000	0.012
16500.000	0.091	16500.000	0.131	16500.000	0.066	16500.000	0.054	16500.000	0.069	16500.000	0.024	16500.000	0.013
16560.000	0.092	16560.000	0.132	16560.000	0.066	16560.000	0.055	16560.000	0.070	16560.000	0.024	16560.000	0.013
16620.000	0.092	16620.000	0.132	16620.000	0.067	16620.000	0.055	16620.000	0.070	16620.000	0.024	16620.000	0.013
16680.000	0.092	16680.000	0.123	16680.000	0.066	16680.000	0.056	16680.000	0.070	16680.000	0.024	16680.000	0.013
16740.000	0.092	16740.000	0.123	16740.000	0.067	16740.000	0.056	16740.000	0.070	16740.000	0.024	16740.000	0.013
16800.000	0.093	16800.000	0.123	16800.000	0.067	16800.000	0.056	16800.000	0.070	16800.000	0.024	16800.000	0.013
16860.000	0.092	16860.000	0.124	16860.000	0.068	16860.000	0.056	16860.000	0.071	16860.000	0.024	16860.000	0.013
16920.000	0.093	16920.000	0.125	16920.000	0.068	16920.000	0.057	16920.000	0.071	16920.000	0.025	16920.000	0.013
16980.000	0.092	16980.000	0.125	16980.000	0.069	16980.000	0.057	16980.000	0.071	16980.000	0.025	16980.000	0.013
17040.000	0.093	17040.000	0.126	17040.000	0.070	17040.000	0.057	17040.000	0.071	17040.000	0.025	17040.000	0.013
17100.000	0.093	17100.000	0.126	17100.000	0.070	17100.000	0.057	17100.000	0.072	17100.000	0.025	17100.000	0.013
17160.000	0.093	17160.000	0.127	17160.000	0.070	17160.000	0.058	17160.000	0.072	17160.000	0.025	17160.000	0.013
17220.000	0.093	17220.000	0.128	17220.000	0.070	17220.000	0.058	17220.000	0.072	17220.000	0.025	17220.000	0.013
17280.000	0.093	17280.000	0.128	17280.000	0.071	17280.000	0.058	17280.000	0.072	17280.000	0.025	17280.000	0.013
17340.000	0.092	17340.000	0.128	17340.000	0.071	17340.000	0.059	17340.000	0.072	17340.000	0.026	17340.000	0.013
17400.000	0.091	17400.000	0.129	17400.000	0.072	17400.000	0.059	17400.000	0.072	17400.000	0.025	17400.000	0.013
17460.000	0.082	17460.000	0.131	17460.000	0.072	17460.000	0.059	17460.000	0.072	17460.000	0.026	17460.000	0.013
17520.000	0.082	17520.000	0.131	17520.000	0.072	17520.000	0.060	17520.000	0.073	17520.000	0.026	17520.000	0.014
17580.000	0.083	17580.000	0.131	17580.000	0.072	17580.000	0.060	17580.000	0.073	17580.000	0.026	17580.000	0.014
17640.000	0.083	17640.000	0.132	17640.000	0.073	17640.000	0.061	17640.000	0.073	17640.000	0.026	17640.000	0.014
17700.000	0.083	17700.000	0.132	17700.000	0.073	17700.000	0.061	17700.000	0.073	17700.000	0.026	17700.000	0.013
17760.000	0.084	17760.000	0.133	17760.000	0.073	17760.000	0.061	17760.000	0.073	17760.000	0.026	17760.000	0.014
17820.000	0.084	17820.000	0.133	17820.000	0.074	17820.000	0.062	17820.000	0.074	17820.000	0.026	17820.000	0.014
17880.000	0.084	17880.000	0.134	17880.000	0.075	17880.000	0.061	17880.000	0.074	17880.000	0.026	17880.000	0.014
17940.000	0.084	17940.000	0.135	17940.000	0.075	17940.000	0.062	17940.000	0.074	17940.000	0.027	17940.000	0.014
18000.000	0.085	18000.000	0.135	18000.000	0.075	18000.000	0.063	18000.000	0.074	18000.000	0.027	18000.000	0.014
18060.000	0.085	18060.000	0.136	18060.000	0.076	18060.000	0.062	18060.000	0.075	18060.000	0.027	18060.000	0.014
18120.000	0.085	18120.000	0.137	18120.000	0.076	18120.000	0.063	18120.000	0.075	18120.000	0.026	18120.000	0.014
18180.000	0.085	18180.000	0.137	18180.000	0.076	18180.000	0.063	18180.000	0.075	18180.000	0.027	18180.000	0.014
18240.000	0.086	18240.000	0.138	18240.000	0.077	18240.000	0.063	18240.000	0.075	18240.000	0.027	18240.000	0.014
18300.000	0.086	18300.000	0.138	18300.000	0.077	18300.000	0.064	18300.000	0.076	18300.000	0.027	18300.000	0.014
18360.000	0.086	18360.000	0.139	18360.000	0.078	18360.000	0.064	18360.000	0.076	18360.000	0.027	18360.000	0.015
18420.000	0.087	18420.000	0.140	18420.000	0.078	18420.000	0.065	18420.000	0.076	18420.000	0.027	18420.000	0.014
18480.000	0.087	18480.000	0.140	18480.000	0.079	18480.000	0.065	18480.000	0.076	18480.000	0.028	18480.000	0.014
18540.000	0.087	18540.000	0.141	18540.000	0.079	18540.000	0.065	18540.000	0.076	18540.000	0.027	18540.000	0.014
18600.000	0.087	18600.000	0.141	18600.000	0.079	18600.000	0.066	18600.000	0.076	18600.000	0.028	18600.000	0.015
18660.000	0.088	18660.000	0.142	18660.000	0.080	18660.000	0.065	18660.000	0.076	18660.000	0.028	18660.000	0.015
18720.000	0.088	18720.000	0.143	18720.000	0.080	18720.000	0.066	18720.000	0.077	18720.000	0.028	18720.000	0.014
18780.000	0.088	18780.000	0.143	18780.000	0.081	18780.000	0.067	18780.000	0.077	18780.000	0.028	18780.000	0.015
18840.000	0.089	18840.000	0.144	18840.000	0.082	18840.000	0.067	18840.000	0.077	18840.000	0.028	18840.000	0.015
18900.000	0.089	18900.000	0.144	18900.000	0.081	18900.000	0.067	18900.000	0.078	18900.000	0.028	18900.000	0.015
18960.000	0.089	18960.000	0.145	18960.000	0.082	18960.000	0.068	18960.000	0.078	18960.000	0.028	18960.000	0.015
19020.000	0.089	19020.000	0.145	19020.000	0.083	19020.000	0.068	19020.000	0.078	19020.000	0.028	19020.000	0.015
19080.000	0.090	19080.000	0.146	19080.000	0.083	19080.000	0.069	19080.000	0.078	19080.000	0.029	19080.000	0.015
19140.000	0.090	19140.000	0.147	19140.000	0.084	19140.000	0.070	19140.000	0.078	19140.000	0.029	19140.000	0.015
19200.000	0.090	19200.000	0.147	19200.000	0.084	19200.000	0.070	19200.000	0.079	19200.000	0.029	19200.000	0.015
19260.000	0.091	19260.000	0.148	19260.000	0.084	19260.000	0.070	19260.000	0.079	19260.000	0.029	19260.000	0.015
19320.000	0.091	19320.000	0.148	19320.000	0.085	19320.000	0.071	19320.000	0.079	19320.000	0.029	19320.000	0.015
19380.000	0.092	19380.000	0.149	19380.000	0.085	19380.000	0.072	19380.000	0.079	19380.000	0.029	19380.000	0.015
19440.000	0.091	19440.000	0.150	19440.000	0.086	19440.000	0.072	19440.000	0.080	19440.000	0.029	19440.000	0.015
19500.000	0.092	19500.000	0.150	19500.000	0.086	19500.000	0.073	19500.000	0.080	19500.000	0.029	19500.000	0.015
19560.000	0.092	19560.000	0.151	19560.000	0.087	19560.000	0.073	19560.000	0.080	19560.000	0.029	19560.000	0.015
19620.000	0.092	19620.000	0.151	19620.000	0.087	19620.000	0.074	19620.000	0.080	19620.000	0.029	19620.000	0.015
19680.000	0.093	19680.000	0.152	19680.000	0.088	19680.000	0.074	19680.000	0.080	19680.000	0.029	19680.000	0.015
19740.000	0.093	19740.000	0.152	19740.000	0.088	19740.000	0.075	19740.000	0.081	19740.000	0.030	19740.000	0.016
19800.000	0.093	19800.000	0.152	19800.000	0.089	19800.000	0.076	19800.000	0.081	19800.000	0.029	19800.000	0.016
19860.000	0.093	19860.000	0.153	19860.000	0.089	19860.000	0.077	19860.000	0.081	19860.000	0.030	19860.000	0.016
19920.000	0.094	19920.000	0.153	19920.000	0.089	19920.000	0.077	19920.000	0.081	19920.000	0.030	19920.000	0.016
19980.000	0.094	19980.000	0.154	19980.000	0.089	19980.000	0.078	19980.000	0.081	19980.000	0.030	19980.000	0.016
20040.000	0.094	20040.000	0.154	20040.000	0.090	20040.000	0.078	20040.000	0.082	20040.000	0.030	20040.000	0.016
20100.000	0.095	20100.000	0.155	20100.000	0.090	20100.000	0.079	20100.000	0.082	20100.000	0.030	20100.000	0.016
20160.000	0.095	20160.000	0.155	20160.000	0.091	20160.000	0.080	20160.000	0.082	20160.000	0.030	20160.000	0.016
20220.000	0.095	20220.000	0.155	20220.000	0.091	20220.000	0.080	20220.000	0.082	20220.000	0.030	20220.000	0.016
20280.000	0.096	20280.000	0.156	20280.000	0.091	20280.000	0.080	20280.000	0.082	20280.000	0.030	20280.000	0.016
20340.000	0.096	20340.000	0.156	20340.000	0.091	20340.000	0.081	20340.000	0.083	20340.000	0.031	20340.000	0.016
20400.000	0.096	20400.000	0.157	20400.000	0.092	20400.000	0.082	20400.000	0.083	20400.000	0.030	20400.000	0.016
20460.000	0.097	20460.000	0.156	20460.000	0.093	20460.000	0.082	20460.000	0.083	20460.000	0.031	20460.000	0.016
20520.000	0.097	20520.000	0.157	20520.000	0.093	20520.000	0.083	20520.000	0.083	20520.000	0.031	20520.000	0.016
20580.000	0.097	20580.000	0.157	20580.000	0.093	20580.000	0.084	20580.000	0.084	20580.000	0.031	20580.000	0.016
20640.000	0.097	20640.000	0.158	20640.000	0.094	20640.000	0.084	20640.000	0.084	20640.000	0.031	20640.000	0.016
20700.000	0.098	20700.000	0.158	20700.000	0.094	20700.000	0.085	20700.000	0.084	20700.000	0.031	20700.000	0.017
20760.000	0.098	20760.000	0.159	20760.000	0.095	20760.000	0.085	20760.000	0.084	20760.000	0.031	20760.000	0.017
20820.000	0.098	20820.000	0.159	20820.000	0.095	20820.000	0.086	20820.000	0.084	20820.000	0.032	20820.000	0.016
20880.000	0.098	20880.000	0.159	20880.000	0.095	20880.000	0.086	20880.000	0.084	20880.000	0.032	20880.000	0.017
20940.000	0.099	20940.000	0.160	20940.000	0.096	20940.000	0.087	20940.000	0.085	20940.000	0.031	20940.000	0.017
21000.000	0.099	21000.000	0.160	21000.000	0.096	21000.000	0.087	21000.000	0.085	21000.000	0.032	21000.000	0.017
21060.000	0.100	21060.000	0.160	21060.000	0.097	21060.000	0.049	21060.000	0.085	21060.000	0.032	21060.000	0.017
21120.000	0.100	21120.000	0.161	21120.000	0.097	21120.000	0.049	21120.000	0.085	21120.000	0.032	21120.000	0.017
21180.000	0.100	21180.000	0.161	21180.000	0.097	21180.000	0.049	21180.000	0.085	21180.000	0.032	21180.000	0.017
21240.000	0.101	21240.000	0.161	21240.000	0.098	21240.000	0.050	21240.000	0.085	21240.000	0.032	21240.000	0.017
21300.000	0.100	21300.000	0.161	21300.000	0.099	21300.000	0.049	21300.000	0.086	21300.000	0.032	21300.000	0.017
21360.000	0.101	21360.000	0.162	21360.000	0.099	21360.000	0.050	21360.000	0.086	21360.000	0.032	21360.000	0.017
21420.000	0.101	21420.000	0.162	21420.000	0.100	21420.000	0.050	21420.000	0.086	21420.000	0.032	21420.000	0.017
21480.000	0.101	21480.000	0.163	21480.000	0.099	21480.000	0.050	21480.000	0.086	21480.000	0.033	21480.000	0.017
21540.000	0.102	21540.000	0.163	21540.000	0.100	21540.000	0.050	21540.000	0.087	21540.000	0.033	21540.000	0.017
21600.000	0.102	21600.000	0.164	21600.000	0.100	21600.000	0.051	21600.000	0.087	21600.000	0.033	21600.000	0.017
21660.000	0.103	21660.000	0.164	21660.000	0.100	21660.000	0.051	21660.000	0.087	21660.000	0.033	21660.000	0.017
21720.000	0.103	21720.000	0.164	21720.000	0.101	21720.000	0.051	21720.000	0.087	21720.000	0.033	21720.000	0.017
21780.000	0.103	21780.000	0.165	21780.000	0.101	21780.000	0.051	21780.000	0.087	21780.000	0.033	21780.000	0.017
21840.000	0.103	21840.000	0.165	21840.000	0.102	21840.000	0.051	21840.000	0.088	21840.000	0.033	21840.000	0.017
21900.000	0.104	21900.000	0.165	21900.000	0.102	21900.000	0.051	21900.000	0.088	21900.000	0.033	21900.000	0.018
21960.000	0.104	21960.000	0.165	21960.000	0.103	21960.000	0.051	21960.000	0.088	21960.000	0.033	21960.000	0.018
22020.000	0.104	22020.000	0.165	22020.000	0.103	22020.000	0.050	22020.000	0.088	22020.000	0.033	22020.000	0.018
22080.000	0.104	22080.000	0.166	22080.000	0.103	22080.000	0.050	22080.000	0.089	22080.000	0.034	22080.000	0.018
22140.000	0.105	22140.000	0.122	22140.000	0.103	22140.000	0.050	22140.000	0.088	22140.000	0.033	22140.000	0.018
22200.000	0.105	22200.000	0.122	22200.000	0.104	22200.000	0.050	22200.000	0.089	22200.000	0.034	22200.000	0.018
22260.000	0.106	22260.000	0.123	22260.000	0.104	22260.000	0.050	22260.000	0.089	22260.000	0.034	22260.000	0.018
22320.000	0.106	22320.000	0.123	22320.000	0.104	22320.000	0.050	22320.000	0.089	22320.000	0.034	22320.000	0.018
22380.000	0.106	22380.000	0.123	22380.000	0.105	22380.000	0.051	22380.000	0.089	22380.000	0.034	22380.000	0.018
22440.000	0.106	22440.000	0.124	22440.000	0.105	22440.000	0.051	22440.000	0.090	22440.000	0.034	22440.000	0.018
22500.000	0.106	22500.000	0.125	22500.000	0.106	22500.000	0.051	22500.000	0.090	22500.000	0.035	22500.000	0.018
22560.000	0.107	22560.000	0.124	22560.000	0.106	22560.000	0.051	22560.000	0.090	22560.000	0.034	22560.000	0.018
22620.000	0.107	22620.000	0.125	22620.000	0.106	22620.000	0.051	22620.000	0.090	22620.000	0.034	22620.000	0.018
22680.000	0.108	22680.000	0.125	22680.000	0.107	22680.000	0.051	22680.000	0.090	22680.000	0.034	22680.000	0.018
22740.000	0.108	22740.000	0.126	22740.000	0.106	22740.000	0.051	22740.000	0.091	22740.000	0.034	22740.000	0.018
22800.000	0.108	22800.000	0.126	22800.000	0.104	22800.000	0.051	22800.000	0.091	22800.000	0.035	22800.000	0.018
22860.000	0.108	22860.000	0.126	22860.000	0.100	22860.000	0.051	22860.000	0.091	22860.000	0.035	22860.000	0.018
22920.000	0.108	22920.000	0.126	22920.000	0.099	22920.000	0.052	22920.000	0.091	22920.000	0.035	22920.000	0.018
22980.000	0.109	22980.000	0.127	22980.000	0.100	22980.000	0.052	22980.000	0.091	22980.000	0.035	22980.000	0.019
23040.000	0.109	23040.000	0.127	23040.000	0.100	23040.000	0.052	23040.000	0.091	23040.000	0.035	23040.000	0.018
23100.000	0.110	23100.000	0.127	23100.000	0.100	23100.000	0.052	23100.000	0.092	23100.000	0.035	23100.000	0.018
23160.000	0.069	23160.000	0.128	23160.000	0.101	23160.000	0.053	23160.000	0.092	23160.000	0.035	23160.000	0.018
23220.000	0.070	23220.000	0.128	23220.000	0.102	23220.000	0.053	23220.000	0.092	23220.000	0.035	23220.000	0.019
23280.000	0.070	23280.000	0.128	23280.000	0.102	23280.000	0.053	23280.000	0.092	23280.000	0.036	23280.000	0.019
23340.000	0.070	23340.000	0.129	23340.000	0.102	23340.000	0.053	23340.000	0.092	23340.000	0.036	23340.000	0.019
23400.000	0.070	23400.000	0.129	23400.000	0.103	23400.000	0.053	23400.000	0.093	23400.000	0.035	23400.000	0.019
23460.000	0.071	23460.000	0.129	23460.000	0.103	23460.000	0.052	23460.000	0.093	23460.000	0.035	23460.000	0.019
23520.000	0.071	23520.000	0.129	23520.000	0.102	23520.000	0.053	23520.000	0.093	23520.000	0.036	23520.000	0.019
23580.000	0.071	23580.000	0.130	23580.000	0.101	23580.000	0.052	23580.000	0.093	23580.000	0.036	23580.000	0.019
23640.000	0.071	23640.000	0.129	23640.000	0.100	23640.000	0.046	23640.000	0.093	23640.000	0.036	23640.000	0.019
23700.000	0.071	23700.000	0.129	23700.000	0.100	23700.000	0.039	23700.000	0.093	23700.000	0.036	23700.000	0.019
23760.000	0.072	23760.000	0.130	23760.000	0.099	23760.000	0.047	23760.000	0.094	23760.000	0.036	23760.000	0.019
23820.000	0.072	23820.000	0.130	23820.000	0.100	23820.000	0.059	23820.000	0.094	23820.000	0.036	23820.000	0.019
23880.000	0.072	23880.000	0.130	23880.000	0.100	23880.000	0.065	23880.000	0.094	23880.000	0.036	23880.000	0.019
23940.000	0.072	23940.000	0.130	23940.000	0.100	23940.000	0.070	23940.000	0.094	23940.000	0.037	23940.000	0.019
24000.000	0.072	24000.000	0.129	24000.000	0.101	24000.000	0.070	24000.000	0.094	24000.000	0.037	24000.000	0.019
24060.000	0.073	24060.000	0.129	24060.000	0.101	24060.000	0.070	24060.000	0.095	24060.000	0.037	24060.000	0.019
24120.000	0.073	24120.000	0.130	24120.000	0.101	24120.000	0.070	24120.000	0.095	24120.000	0.037	24120.000	0.019
24180.000	0.073	24180.000	0.130	24180.000	0.102	24180.000	0.070	24180.000	0.095	24180.000	0.037	24180.000	0.020
24240.000	0.073	24240.000	0.129	24240.000	0.102	24240.000	0.070	24240.000	0.095	24240.000	0.037	24240.000	0.019
24300.000	0.073	24300.000	0.130	24300.000	0.102	24300.000	0.069	24300.000	0.095	24300.000	0.037	24300.000	0.020
24360.000	0.073	24360.000	0.130	24360.000	0.103	24360.000	0.069	24360.000	0.096	24360.000	0.037	24360.000	0.020
24420.000	0.073	24420.000	0.130	24420.000	0.103	24420.000	0.070	24420.000	0.096	24420.000	0.037	24420.000	0.020
24480.000	0.074	24480.000	0.130	24480.000	0.104	24480.000	0.070	24480.000	0.096	24480.000	0.037	24480.000	0.019
24540.000	0.074	24540.000	0.130	24540.000	0.104	24540.000	0.070	24540.000	0.097	24540.000	0.037	24540.000	0.019
24600.000	0.074	24600.000	0.131	24600.000	0.104	24600.000	0.071	24600.000	0.096	24600.000	0.037	24600.000	0.020
24660.000	0.074	24660.000	0.131	24660.000	0.105	24660.000	0.071	24660.000	0.096	24660.000	0.038	24660.000	0.020
24720.000	0.074	24720.000	0.131	24720.000	0.105	24720.000	0.071	24720.000	0.096	24720.000	0.038	24720.000	0.020
24780.000	0.074	24780.000	0.131	24780.000	0.105	24780.000	0.071	24780.000	0.097	24780.000	0.038	24780.000	0.020
24840.000	0.075	24840.000	0.131	24840.000	0.106	24840.000	0.071	24840.000	0.097	24840.000	0.038	24840.000	0.020
24900.000	0.075	24900.000	0.131	24900.000	0.106	24900.000	0.072	24900.000	0.097	24900.000	0.038	24900.000	0.020
24960.000	0.075	24960.000	0.131	24960.000	0.107	24960.000	0.072	24960.000	0.098	24960.000	0.038	24960.000	0.020
25020.000	0.075	25020.000	0.131	25020.000	0.107	25020.000	0.072	25020.000	0.097	25020.000	0.038	25020.000	0.020
25080.000	0.075	25080.000	0.132	25080.000	0.107	25080.000	0.073	25080.000	0.097	25080.000	0.039	25080.000	0.020
25140.000	0.076	25140.000	0.132	25140.000	0.108	25140.000	0.074	25140.000	0.097	25140.000	0.038	25140.000	0.020
25200.000	0.076	25200.000	0.132	25200.000	0.108	25200.000	0.074	25200.000	0.097	25200.000	0.038	25200.000	0.020
25260.000	0.076	25260.000	0.132	25260.000	0.108	25260.000	0.074	25260.000	0.098	25260.000	0.039	25260.000	0.020
25320.000	0.077	25320.000	0.132	25320.000	0.109	25320.000	0.074	25320.000	0.098	25320.000	0.039	25320.000	0.020
25380.000	0.076	25380.000	0.132	25380.000	0.109	25380.000	0.074	25380.000	0.098	25380.000	0.039	25380.000	0.020
25440.000	0.077	25440.000	0.132	25440.000	0.110	25440.000	0.074	25440.000	0.098	25440.000	0.039	25440.000	0.020
25500.000	0.077	25500.000	0.133	25500.000	0.110	25500.000	0.074	25500.000	0.098	25500.000	0.039	25500.000	0.020
25560.000	0.077	25560.000	0.133	25560.000	0.110	25560.000	0.072	25560.000	0.098	25560.000	0.039	25560.000	0.020
25620.000	0.077	25620.000	0.133	25620.000	0.110	25620.000	0.071	25620.000	0.099	25620.000	0.039	25620.000	0.021
25680.000	0.077	25680.000	0.134	25680.000	0.111	25680.000	0.070	25680.000	0.099	25680.000	0.039	25680.000	0.021
25740.000	0.078	25740.000	0.132	25740.000	0.111	25740.000	0.068	25740.000	0.099	25740.000	0.039	25740.000	0.021
25800.000	0.078	25800.000	0.136	25800.000	0.111	25800.000	0.067	25800.000	0.099	25800.000	0.039	25800.000	0.020
25860.000	0.078	25860.000	0.138	25860.000	0.112	25860.000	0.062	25860.000	0.099	25860.000	0.040	25860.000	0.020
25920.000	0.078	25920.000	0.139	25920.000	0.112	25920.000	0.056	25920.000	0.100	25920.000	0.039	25920.000	0.021
25980.000	0.078	25980.000	0.139	25980.000	0.112	25980.000	0.056	25980.000	0.100	25980.000	0.040	25980.000	0.021
26040.000	0.078	26040.000	0.140	26040.000	0.113	26040.000	0.057	26040.000	0.100	26040.000	0.040	26040.000	0.021
26100.000	0.079	26100.000	0.141	26100.000	0.113	26100.000	0.058	26100.000	0.100	26100.000	0.040	26100.000	0.021
26160.000	0.079	26160.000	0.145	26160.000	0.114	26160.000	0.059	26160.000	0.100	26160.000	0.040	26160.000	0.021
26220.000	0.079	26220.000	0.147	26220.000	0.114	26220.000	0.059	26220.000	0.100	26220.000	0.040	26220.000	0.021
26280.000	0.080	26280.000	0.147	26280.000	0.114	26280.000	0.059	26280.000	0.100	26280.000	0.040	26280.000	0.021
26340.000	0.079	26340.000	0.149	26340.000	0.115	26340.000	0.059	26340.000	0.100	26340.000	0.040	26340.000	0.021
26400.000	0.080	26400.000	0.150	26400.000	0.116	26400.000	0.060	26400.000	0.101	26400.000	0.040	26400.000	0.021
26460.000	0.080	26460.000	0.151	26460.000	0.116	26460.000	0.061	26460.000	0.101	26460.000	0.041	26460.000	0.021
26520.000	0.080	26520.000	0.152	26520.000	0.116	26520.000	0.061	26520.000	0.101	26520.000	0.041	26520.000	0.021
26580.000	0.080	26580.000	0.154	26580.000	0.117	26580.000	0.062	26580.000	0.102	26580.000	0.041	26580.000	0.021
26640.000	0.080	26640.000	0.156	26640.000	0.117	26640.000	0.062	26640.000	0.101	26640.000	0.041	26640.000	0.022
26700.000	0.081	26700.000	0.157	26700.000	0.118	26700.000	0.062	26700.000	0.101	26700.000	0.041	26700.000	0.022
26760.000	0.081	26760.000	0.157	26760.000	0.118	26760.000	0.062	26760.000	0.102	26760.000	0.041	26760.000	0.022
26820.000	0.081	26820.000	0.157	26820.000	0.118	26820.000	0.063	26820.000	0.102	26820.000	0.041	26820.000	0.022
26880.000	0.081	26880.000	0.157	26880.000	0.118	26880.000	0.064	26880.000	0.102	26880.000	0.041	26880.000	0.022
26940.000	0.082	26940.000	0.158	26940.000	0.119	26940.000	0.064	26940.000	0.103	26940.000	0.041	26940.000	0.022
27000.000	0.082	27000.000	0.158	27000.000	0.119	27000.000	0.065	27000.000	0.103	27000.000	0.041	27000.000	0.022
27060.000	0.082	27060.000	0.158	27060.000	0.120	27060.000	0.065	27060.000	0.103	27060.000	0.041	27060.000	0.022
27120.000	0.082	27120.000	0.158	27120.000	0.120	27120.000	0.066	27120.000	0.103	27120.000	0.041	27120.000	0.022
27180.000	0.082	27180.000	0.158	27180.000	0.120	27180.000	0.066	27180.000	0.103	27180.000	0.041	27180.000	0.022
27240.000	0.082	27240.000	0.159	27240.000	0.121	27240.000	0.066	27240.000	0.104	27240.000	0.042	27240.000	0.022
27300.000	0.082	27300.000	0.158	27300.000	0.121	27300.000	0.067	27300.000	0.104	27300.000	0.042	27300.000	0.022
27360.000	0.083	27360.000	0.158	27360.000	0.121	27360.000	0.067	27360.000	0.104	27360.000	0.041	27360.000	0.022
27420.000	0.083	27420.000	0.158	27420.000	0.122	27420.000	0.068	27420.000	0.104	27420.000	0.042	27420.000	0.022
27480.000	0.083	27480.000	0.106	27480.000	0.122	27480.000	0.068	27480.000	0.104	27480.000	0.042	27480.000	0.022
27540.000	0.083	27540.000	0.106	27540.000	0.123	27540.000	0.068	27540.000	0.104	27540.000	0.042	27540.000	0.022
27600.000	0.084	27600.000	0.107	27600.000	0.123	27600.000	0.069	27600.000	0.105	27600.000	0.042	27600.000	0.022
27660.000	0.084	27660.000	0.107	27660.000	0.123	27660.000	0.069	27660.000	0.105	27660.000	0.042	27660.000	0.022
27720.000	0.085	27720.000	0.108	27720.000	0.123	27720.000	0.069	27720.000	0.104	27720.000	0.042	27720.000	0.022
27780.000	0.084	27780.000	0.108	27780.000	0.124	27780.000	0.070	27780.000	0.104	27780.000	0.042	27780.000	0.022
27840.000	0.085	27840.000	0.108	27840.000	0.125	27840.000	0.071	27840.000	0.105	27840.000	0.042	27840.000	0.022
27900.000	0.085	27900.000	0.108	27900.000	0.125	27900.000	0.071	27900.000	0.105	27900.000	0.043	27900.000	0.022
27960.000	0.085	27960.000	0.109	27960.000	0.125	27960.000	0.071	27960.000	0.105	27960.000	0.042	27960.000	0.022
28020.000	0.086	28020.000	0.109	28020.000	0.126	28020.000	0.072	28020.000	0.105	28020.000	0.042	28020.000	0.023
28080.000	0.086	28080.000	0.109	28080.000	0.126	28080.000	0.072	28080.000	0.105	28080.000	0.043	28080.000	0.023
28140.000	0.086	28140.000	0.109	28140.000	0.126	28140.000	0.072	28140.000	0.105	28140.000	0.043	28140.000	0.022
28200.000	0.086	28200.000	0.110	28200.000	0.127	28200.000	0.073	28200.000	0.105	28200.000	0.043	28200.000	0.022
28260.000	0.087	28260.000	0.110	28260.000	0.127	28260.000	0.073	28260.000	0.106	28260.000	0.043	28260.000	0.023
28320.000	0.087	28320.000	0.110	28320.000	0.127	28320.000	0.073	28320.000	0.106	28320.000	0.043	28320.000	0.023
28380.000	0.087	28380.000	0.111	28380.000	0.127	28380.000	0.073	28380.000	0.106	28380.000	0.043	28380.000	0.023
28440.000	0.078	28440.000	0.111	28440.000	0.128	28440.000	0.074	28440.000	0.106	28440.000	0.043	28440.000	0.023
28500.000	0.079	28500.000	0.111	28500.000	0.128	28500.000	0.074	28500.000	0.107	28500.000	0.043	28500.000	0.023
28560.000	0.079	28560.000	0.111	28560.000	0.129	28560.000	0.074	28560.000	0.106	28560.000	0.043	28560.000	0.023
28620.000	0.079	28620.000	0.111	28620.000	0.129	28620.000	0.075	28620.000	0.107	28620.000	0.044	28620.000	0.023
28680.000	0.079	28680.000	0.111	28680.000	0.129	28680.000	0.075	28680.000	0.107	28680.000	0.043	28680.000	0.023
28740.000	0.079	28740.000	0.112	28740.000	0.130	28740.000	0.076	28740.000	0.107	28740.000	0.044	28740.000	0.023
28800.000	0.080	28800.000	0.112	28800.000	0.130	28800.000	0.076	28800.000	0.107	28800.000	0.044	28800.000	0.023
													
													
													
