Batch	rate146.rre												
Evolution 600	161008												
Sample	Sample001	Sample	Sample002	Sample	Sample003	Sample	Sample004	Sample	Sample005	Sample	Sample006	Sample	Sample007
Data Mode	A	Data Mode	A	Data Mode	A	Data Mode	A	Data Mode	A	Data Mode	A	Data Mode	A
Smoothing	None	Smoothing	None	Smoothing	None	Smoothing	None	Smoothing	None	Smoothing	None	Smoothing	None
Date Collected	9/6/2010	Date Collected	9/6/2010	Date Collected	9/6/2010	Date Collected	9/6/2010	Date Collected	9/6/2010	Date Collected	9/6/2010	Date Collected	9/6/2010
Time Collected	3:34:36AM	Time Collected	3:34:43AM	Time Collected	3:34:50AM	Time Collected	3:34:58AM	Time Collected	3:35:05AM	Time Collected	3:35:12AM	Time Collected	3:35:19AM
ss.sss	Value	ss.sss	Value	ss.sss	Value	ss.sss	Value	ss.sss	Value	ss.sss	Value	ss.sss	Value
0.000	0.000	0.000	0.000	0.000	0.001	0.000	-0.003	0.000	-0.002	0.000	-0.005	0.000	-0.006
60.000	0.001	60.000	0.000	60.000	0.001	60.000	-0.002	60.000	-0.001	60.000	-0.006	60.000	-0.006
120.000	0.001	120.000	0.000	120.000	0.001	120.000	-0.002	120.000	-0.001	120.000	-0.005	120.000	-0.005
180.000	0.002	180.000	0.001	180.000	0.001	180.000	-0.003	180.000	0.000	180.000	-0.005	180.000	-0.006
240.000	0.002	240.000	0.000	240.000	0.002	240.000	-0.002	240.000	0.001	240.000	-0.004	240.000	-0.005
300.000	0.002	300.000	0.001	300.000	0.002	300.000	-0.002	300.000	0.001	300.000	-0.004	300.000	-0.004
360.000	0.003	360.000	0.001	360.000	0.002	360.000	-0.002	360.000	0.001	360.000	-0.003	360.000	-0.005
420.000	0.004	420.000	0.001	420.000	0.002	420.000	-0.002	420.000	0.002	420.000	-0.003	420.000	-0.004
480.000	0.004	480.000	0.001	480.000	0.002	480.000	-0.002	480.000	0.002	480.000	-0.003	480.000	-0.004
540.000	0.005	540.000	0.002	540.000	0.002	540.000	-0.002	540.000	0.002	540.000	-0.003	540.000	-0.003
600.000	0.005	600.000	0.003	600.000	0.003	600.000	-0.002	600.000	0.002	600.000	-0.003	600.000	-0.004
660.000	0.006	660.000	0.003	660.000	0.003	660.000	-0.002	660.000	0.003	660.000	-0.003	660.000	-0.003
720.000	0.006	720.000	0.003	720.000	0.003	720.000	-0.002	720.000	0.003	720.000	-0.003	720.000	-0.003
780.000	0.007	780.000	0.004	780.000	0.004	780.000	-0.002	780.000	0.004	780.000	-0.002	780.000	-0.003
840.000	0.007	840.000	0.004	840.000	0.005	840.000	-0.002	840.000	0.003	840.000	-0.002	840.000	-0.002
900.000	0.007	900.000	0.005	900.000	0.005	900.000	-0.002	900.000	0.004	900.000	-0.002	900.000	-0.003
960.000	0.007	960.000	0.005	960.000	0.005	960.000	-0.002	960.000	0.004	960.000	-0.002	960.000	-0.002
1020.000	0.008	1020.000	0.006	1020.000	0.006	1020.000	-0.001	1020.000	0.004	1020.000	-0.001	1020.000	-0.002
1080.000	0.008	1080.000	0.007	1080.000	0.007	1080.000	-0.001	1080.000	0.004	1080.000	-0.001	1080.000	-0.002
1140.000	0.009	1140.000	0.007	1140.000	0.007	1140.000	-0.001	1140.000	0.005	1140.000	-0.001	1140.000	-0.002
1200.000	0.009	1200.000	0.008	1200.000	0.007	1200.000	-0.001	1200.000	0.005	1200.000	-0.001	1200.000	-0.002
1260.000	0.009	1260.000	0.009	1260.000	0.009	1260.000	-0.001	1260.000	0.005	1260.000	-0.001	1260.000	-0.002
1320.000	0.009	1320.000	0.009	1320.000	0.009	1320.000	-0.001	1320.000	0.006	1320.000	-0.001	1320.000	-0.002
1380.000	0.009	1380.000	0.010	1380.000	0.010	1380.000	-0.001	1380.000	0.006	1380.000	-0.001	1380.000	-0.002
1440.000	0.010	1440.000	0.011	1440.000	0.011	1440.000	-0.001	1440.000	0.006	1440.000	0.000	1440.000	-0.002
1500.000	0.010	1500.000	0.011	1500.000	0.011	1500.000	-0.001	1500.000	0.006	1500.000	0.000	1500.000	-0.002
1560.000	0.010	1560.000	0.012	1560.000	0.011	1560.000	-0.001	1560.000	0.007	1560.000	0.000	1560.000	-0.001
1620.000	0.011	1620.000	0.012	1620.000	0.012	1620.000	-0.001	1620.000	0.007	1620.000	0.000	1620.000	-0.001
1680.000	0.012	1680.000	0.013	1680.000	0.012	1680.000	-0.001	1680.000	0.007	1680.000	0.000	1680.000	-0.001
1740.000	0.011	1740.000	0.014	1740.000	0.013	1740.000	0.000	1740.000	0.007	1740.000	0.000	1740.000	-0.001
1800.000	0.012	1800.000	0.015	1800.000	0.014	1800.000	-0.001	1800.000	0.008	1800.000	0.001	1800.000	-0.001
1860.000	0.012	1860.000	0.016	1860.000	0.014	1860.000	-0.001	1860.000	0.008	1860.000	0.001	1860.000	-0.001
1920.000	0.012	1920.000	0.016	1920.000	0.015	1920.000	-0.001	1920.000	0.008	1920.000	0.001	1920.000	-0.001
1980.000	0.013	1980.000	0.017	1980.000	0.016	1980.000	-0.001	1980.000	0.008	1980.000	0.001	1980.000	0.000
2040.000	0.013	2040.000	0.018	2040.000	0.017	2040.000	-0.001	2040.000	0.008	2040.000	0.001	2040.000	0.000
2100.000	0.013	2100.000	0.019	2100.000	0.017	2100.000	0.000	2100.000	0.009	2100.000	0.001	2100.000	-0.001
2160.000	0.013	2160.000	0.020	2160.000	0.018	2160.000	-0.001	2160.000	0.009	2160.000	0.001	2160.000	-0.001
2220.000	0.014	2220.000	0.020	2220.000	0.019	2220.000	0.000	2220.000	0.009	2220.000	0.002	2220.000	0.000
2280.000	0.014	2280.000	0.021	2280.000	0.019	2280.000	-0.001	2280.000	0.009	2280.000	0.002	2280.000	0.000
2340.000	0.014	2340.000	0.022	2340.000	0.020	2340.000	0.000	2340.000	0.010	2340.000	0.002	2340.000	0.000
2400.000	0.015	2400.000	0.023	2400.000	0.021	2400.000	0.000	2400.000	0.010	2400.000	0.002	2400.000	0.000
2460.000	0.015	2460.000	0.023	2460.000	0.022	2460.000	0.000	2460.000	0.010	2460.000	0.002	2460.000	0.000
2520.000	0.016	2520.000	0.024	2520.000	0.023	2520.000	0.000	2520.000	0.010	2520.000	0.002	2520.000	0.000
2580.000	0.015	2580.000	0.025	2580.000	0.024	2580.000	0.000	2580.000	0.011	2580.000	0.002	2580.000	0.000
2640.000	0.016	2640.000	0.026	2640.000	0.025	2640.000	0.000	2640.000	0.011	2640.000	0.003	2640.000	0.000
2700.000	0.016	2700.000	0.027	2700.000	0.026	2700.000	0.000	2700.000	0.011	2700.000	0.003	2700.000	0.000
2760.000	0.016	2760.000	0.028	2760.000	0.026	2760.000	0.000	2760.000	0.011	2760.000	0.003	2760.000	0.000
2820.000	0.017	2820.000	0.029	2820.000	0.027	2820.000	0.000	2820.000	0.011	2820.000	0.003	2820.000	0.001
2880.000	0.016	2880.000	0.030	2880.000	0.028	2880.000	0.000	2880.000	0.011	2880.000	0.003	2880.000	0.001
2940.000	0.017	2940.000	0.031	2940.000	0.028	2940.000	0.000	2940.000	0.012	2940.000	0.003	2940.000	0.000
3000.000	0.017	3000.000	0.032	3000.000	0.029	3000.000	0.000	3000.000	0.012	3000.000	0.003	3000.000	0.001
3060.000	0.017	3060.000	0.033	3060.000	0.030	3060.000	0.000	3060.000	0.012	3060.000	0.003	3060.000	0.000
3120.000	0.018	3120.000	0.034	3120.000	0.030	3120.000	0.000	3120.000	0.012	3120.000	0.004	3120.000	0.001
3180.000	0.018	3180.000	0.034	3180.000	0.031	3180.000	0.000	3180.000	0.013	3180.000	0.004	3180.000	0.001
3240.000	0.018	3240.000	0.035	3240.000	0.032	3240.000	0.000	3240.000	0.013	3240.000	0.004	3240.000	0.001
3300.000	0.018	3300.000	0.036	3300.000	0.033	3300.000	0.000	3300.000	0.013	3300.000	0.004	3300.000	0.001
3360.000	0.019	3360.000	0.037	3360.000	0.033	3360.000	0.000	3360.000	0.013	3360.000	0.004	3360.000	0.001
3420.000	0.019	3420.000	0.038	3420.000	0.034	3420.000	0.000	3420.000	0.013	3420.000	0.004	3420.000	0.001
3480.000	0.020	3480.000	0.039	3480.000	0.035	3480.000	0.000	3480.000	0.014	3480.000	0.004	3480.000	0.001
3540.000	0.020	3540.000	0.040	3540.000	0.033	3540.000	0.000	3540.000	0.014	3540.000	0.005	3540.000	0.001
3600.000	0.020	3600.000	0.041	3600.000	0.033	3600.000	0.000	3600.000	0.014	3600.000	0.005	3600.000	0.001
3660.000	0.020	3660.000	0.042	3660.000	0.034	3660.000	0.000	3660.000	0.015	3660.000	0.005	3660.000	0.002
3720.000	0.021	3720.000	0.043	3720.000	0.035	3720.000	0.000	3720.000	0.015	3720.000	0.005	3720.000	0.001
3780.000	0.021	3780.000	0.044	3780.000	0.036	3780.000	0.000	3780.000	0.015	3780.000	0.005	3780.000	0.001
3840.000	0.022	3840.000	0.045	3840.000	0.034	3840.000	0.000	3840.000	0.015	3840.000	0.005	3840.000	0.001
3900.000	0.022	3900.000	0.046	3900.000	0.035	3900.000	0.001	3900.000	0.015	3900.000	0.005	3900.000	0.002
3960.000	0.022	3960.000	0.034	3960.000	0.036	3960.000	0.000	3960.000	0.015	3960.000	0.005	3960.000	0.002
4020.000	0.022	4020.000	0.034	4020.000	0.037	4020.000	0.000	4020.000	0.016	4020.000	0.006	4020.000	0.002
4080.000	0.023	4080.000	0.035	4080.000	0.038	4080.000	0.000	4080.000	0.016	4080.000	0.005	4080.000	0.002
4140.000	0.023	4140.000	0.036	4140.000	0.038	4140.000	0.000	4140.000	0.016	4140.000	0.006	4140.000	0.002
4200.000	0.023	4200.000	0.037	4200.000	0.039	4200.000	0.001	4200.000	0.016	4200.000	0.006	4200.000	0.002
4260.000	0.023	4260.000	0.038	4260.000	0.039	4260.000	0.000	4260.000	0.016	4260.000	0.006	4260.000	0.002
4320.000	0.023	4320.000	0.039	4320.000	0.038	4320.000	0.000	4320.000	0.017	4320.000	0.006	4320.000	0.002
4380.000	0.023	4380.000	0.039	4380.000	0.039	4380.000	0.000	4380.000	0.016	4380.000	0.006	4380.000	0.002
4440.000	0.024	4440.000	0.036	4440.000	0.038	4440.000	0.000	4440.000	0.017	4440.000	0.006	4440.000	0.002
4500.000	0.024	4500.000	0.037	4500.000	0.039	4500.000	0.001	4500.000	0.017	4500.000	0.006	4500.000	0.002
4560.000	0.024	4560.000	0.038	4560.000	0.039	4560.000	0.001	4560.000	0.017	4560.000	0.006	4560.000	0.002
4620.000	0.023	4620.000	0.039	4620.000	0.040	4620.000	0.001	4620.000	0.017	4620.000	0.007	4620.000	0.002
4680.000	0.024	4680.000	0.040	4680.000	0.041	4680.000	0.001	4680.000	0.017	4680.000	0.007	4680.000	0.002
4740.000	0.024	4740.000	0.041	4740.000	0.041	4740.000	0.001	4740.000	0.018	4740.000	0.007	4740.000	0.003
4800.000	0.024	4800.000	0.041	4800.000	0.042	4800.000	0.001	4800.000	0.018	4800.000	0.007	4800.000	0.002
4860.000	0.024	4860.000	0.041	4860.000	0.041	4860.000	0.001	4860.000	0.018	4860.000	0.007	4860.000	0.002
4920.000	0.025	4920.000	0.043	4920.000	0.042	4920.000	0.001	4920.000	0.019	4920.000	0.007	4920.000	0.003
4980.000	0.025	4980.000	0.043	4980.000	0.043	4980.000	0.001	4980.000	0.018	4980.000	0.007	4980.000	0.002
5040.000	0.025	5040.000	0.044	5040.000	0.043	5040.000	0.001	5040.000	0.019	5040.000	0.007	5040.000	0.003
5100.000	0.026	5100.000	0.041	5100.000	0.044	5100.000	0.000	5100.000	0.019	5100.000	0.007	5100.000	0.003
5160.000	0.026	5160.000	0.042	5160.000	0.044	5160.000	0.001	5160.000	0.019	5160.000	0.008	5160.000	0.003
5220.000	0.026	5220.000	0.042	5220.000	0.043	5220.000	0.001	5220.000	0.019	5220.000	0.007	5220.000	0.003
5280.000	0.026	5280.000	0.043	5280.000	0.044	5280.000	0.001	5280.000	0.020	5280.000	0.008	5280.000	0.003
5340.000	0.027	5340.000	0.044	5340.000	0.045	5340.000	0.001	5340.000	0.019	5340.000	0.008	5340.000	0.003
5400.000	0.027	5400.000	0.045	5400.000	0.045	5400.000	0.001	5400.000	0.020	5400.000	0.008	5400.000	0.003
5460.000	0.027	5460.000	0.045	5460.000	0.042	5460.000	0.001	5460.000	0.020	5460.000	0.008	5460.000	0.003
5520.000	0.028	5520.000	0.046	5520.000	0.043	5520.000	0.001	5520.000	0.020	5520.000	0.009	5520.000	0.003
5580.000	0.025	5580.000	0.046	5580.000	0.043	5580.000	0.001	5580.000	0.020	5580.000	0.008	5580.000	0.003
5640.000	0.025	5640.000	0.047	5640.000	0.043	5640.000	0.001	5640.000	0.020	5640.000	0.008	5640.000	0.003
5700.000	0.025	5700.000	0.048	5700.000	0.044	5700.000	0.001	5700.000	0.021	5700.000	0.009	5700.000	0.003
5760.000	0.025	5760.000	0.048	5760.000	0.045	5760.000	0.001	5760.000	0.021	5760.000	0.009	5760.000	0.003
5820.000	0.025	5820.000	0.049	5820.000	0.045	5820.000	0.001	5820.000	0.021	5820.000	0.009	5820.000	0.003
5880.000	0.026	5880.000	0.050	5880.000	0.045	5880.000	0.001	5880.000	0.021	5880.000	0.009	5880.000	0.004
5940.000	0.026	5940.000	0.050	5940.000	0.045	5940.000	0.001	5940.000	0.021	5940.000	0.009	5940.000	0.004
6000.000	0.027	6000.000	0.050	6000.000	0.047	6000.000	0.001	6000.000	0.021	6000.000	0.009	6000.000	0.004
6060.000	0.027	6060.000	0.051	6060.000	0.047	6060.000	0.001	6060.000	0.022	6060.000	0.009	6060.000	0.004
6120.000	0.027	6120.000	0.052	6120.000	0.047	6120.000	0.001	6120.000	0.022	6120.000	0.009	6120.000	0.004
6180.000	0.027	6180.000	0.052	6180.000	0.048	6180.000	0.001	6180.000	0.022	6180.000	0.010	6180.000	0.004
6240.000	0.027	6240.000	0.053	6240.000	0.048	6240.000	0.001	6240.000	0.022	6240.000	0.010	6240.000	0.004
6300.000	0.028	6300.000	0.053	6300.000	0.048	6300.000	0.001	6300.000	0.022	6300.000	0.010	6300.000	0.004
6360.000	0.028	6360.000	0.053	6360.000	0.049	6360.000	0.001	6360.000	0.022	6360.000	0.010	6360.000	0.004
6420.000	0.028	6420.000	0.053	6420.000	0.050	6420.000	0.001	6420.000	0.023	6420.000	0.010	6420.000	0.004
6480.000	0.028	6480.000	0.053	6480.000	0.050	6480.000	0.002	6480.000	0.023	6480.000	0.010	6480.000	0.004
6540.000	0.028	6540.000	0.031	6540.000	0.051	6540.000	0.001	6540.000	0.023	6540.000	0.010	6540.000	0.004
6600.000	0.027	6600.000	0.031	6600.000	0.051	6600.000	0.001	6600.000	0.023	6600.000	0.010	6600.000	0.004
6660.000	0.027	6660.000	0.031	6660.000	0.052	6660.000	0.001	6660.000	0.023	6660.000	0.010	6660.000	0.004
6720.000	0.027	6720.000	0.032	6720.000	0.052	6720.000	0.001	6720.000	0.023	6720.000	0.011	6720.000	0.004
6780.000	0.027	6780.000	0.032	6780.000	0.052	6780.000	0.001	6780.000	0.024	6780.000	0.011	6780.000	0.004
6840.000	0.028	6840.000	0.033	6840.000	0.053	6840.000	0.001	6840.000	0.024	6840.000	0.011	6840.000	0.004
6900.000	0.028	6900.000	0.033	6900.000	0.053	6900.000	0.001	6900.000	0.024	6900.000	0.011	6900.000	0.004
6960.000	0.028	6960.000	0.033	6960.000	0.054	6960.000	0.002	6960.000	0.024	6960.000	0.011	6960.000	0.005
7020.000	0.028	7020.000	0.033	7020.000	0.054	7020.000	0.001	7020.000	0.024	7020.000	0.011	7020.000	0.005
7080.000	0.028	7080.000	0.034	7080.000	0.055	7080.000	0.002	7080.000	0.025	7080.000	0.011	7080.000	0.005
7140.000	0.028	7140.000	0.034	7140.000	0.055	7140.000	0.001	7140.000	0.025	7140.000	0.011	7140.000	0.004
7200.000	0.028	7200.000	0.035	7200.000	0.056	7200.000	0.002	7200.000	0.025	7200.000	0.011	7200.000	0.004
7260.000	0.029	7260.000	0.035	7260.000	0.056	7260.000	0.001	7260.000	0.025	7260.000	0.011	7260.000	0.005
7320.000	0.029	7320.000	0.035	7320.000	0.056	7320.000	0.002	7320.000	0.026	7320.000	0.012	7320.000	0.005
7380.000	0.029	7380.000	0.036	7380.000	0.057	7380.000	0.002	7380.000	0.025	7380.000	0.012	7380.000	0.005
7440.000	0.029	7440.000	0.036	7440.000	0.057	7440.000	0.002	7440.000	0.025	7440.000	0.012	7440.000	0.005
7500.000	0.029	7500.000	0.037	7500.000	0.052	7500.000	0.002	7500.000	0.026	7500.000	0.012	7500.000	0.005
7560.000	0.030	7560.000	0.036	7560.000	0.053	7560.000	0.001	7560.000	0.026	7560.000	0.012	7560.000	0.005
7620.000	0.030	7620.000	0.037	7620.000	0.053	7620.000	0.002	7620.000	0.026	7620.000	0.012	7620.000	0.005
7680.000	0.030	7680.000	0.037	7680.000	0.053	7680.000	0.001	7680.000	0.026	7680.000	0.012	7680.000	0.005
7740.000	0.030	7740.000	0.037	7740.000	0.054	7740.000	0.002	7740.000	0.026	7740.000	0.013	7740.000	0.005
7800.000	0.031	7800.000	0.038	7800.000	0.054	7800.000	0.002	7800.000	0.027	7800.000	0.013	7800.000	0.005
7860.000	0.031	7860.000	0.039	7860.000	0.054	7860.000	0.001	7860.000	0.027	7860.000	0.013	7860.000	0.005
7920.000	0.031	7920.000	0.039	7920.000	0.054	7920.000	0.002	7920.000	0.027	7920.000	0.013	7920.000	0.005
7980.000	0.031	7980.000	0.039	7980.000	0.055	7980.000	0.002	7980.000	0.027	7980.000	0.013	7980.000	0.006
8040.000	0.031	8040.000	0.040	8040.000	0.055	8040.000	0.002	8040.000	0.027	8040.000	0.013	8040.000	0.005
8100.000	0.032	8100.000	0.040	8100.000	0.055	8100.000	0.002	8100.000	0.027	8100.000	0.013	8100.000	0.005
8160.000	0.032	8160.000	0.040	8160.000	0.056	8160.000	0.002	8160.000	0.027	8160.000	0.013	8160.000	0.006
8220.000	0.032	8220.000	0.041	8220.000	0.056	8220.000	0.002	8220.000	0.027	8220.000	0.013	8220.000	0.006
8280.000	0.032	8280.000	0.041	8280.000	0.057	8280.000	0.002	8280.000	0.027	8280.000	0.013	8280.000	0.006
8340.000	0.032	8340.000	0.041	8340.000	0.057	8340.000	0.002	8340.000	0.028	8340.000	0.013	8340.000	0.006
8400.000	0.032	8400.000	0.042	8400.000	0.057	8400.000	0.002	8400.000	0.028	8400.000	0.014	8400.000	0.006
8460.000	0.033	8460.000	0.042	8460.000	0.058	8460.000	0.002	8460.000	0.028	8460.000	0.014	8460.000	0.006
8520.000	0.033	8520.000	0.042	8520.000	0.058	8520.000	0.002	8520.000	0.028	8520.000	0.014	8520.000	0.006
8580.000	0.033	8580.000	0.043	8580.000	0.059	8580.000	0.002	8580.000	0.028	8580.000	0.014	8580.000	0.006
8640.000	0.033	8640.000	0.043	8640.000	0.059	8640.000	0.002	8640.000	0.028	8640.000	0.014	8640.000	0.006
8700.000	0.033	8700.000	0.044	8700.000	0.059	8700.000	0.002	8700.000	0.029	8700.000	0.014	8700.000	0.006
8760.000	0.033	8760.000	0.044	8760.000	0.060	8760.000	0.002	8760.000	0.029	8760.000	0.014	8760.000	0.006
8820.000	0.033	8820.000	0.045	8820.000	0.060	8820.000	0.002	8820.000	0.029	8820.000	0.014	8820.000	0.006
8880.000	0.034	8880.000	0.045	8880.000	0.057	8880.000	0.002	8880.000	0.029	8880.000	0.014	8880.000	0.006
8940.000	0.034	8940.000	0.045	8940.000	0.058	8940.000	0.002	8940.000	0.030	8940.000	0.014	8940.000	0.006
9000.000	0.034	9000.000	0.046	9000.000	0.058	9000.000	0.002	9000.000	0.029	9000.000	0.015	9000.000	0.006
9060.000	0.034	9060.000	0.045	9060.000	0.059	9060.000	0.002	9060.000	0.029	9060.000	0.015	9060.000	0.007
9120.000	0.035	9120.000	0.046	9120.000	0.059	9120.000	0.002	9120.000	0.029	9120.000	0.015	9120.000	0.006
9180.000	0.035	9180.000	0.046	9180.000	0.060	9180.000	0.002	9180.000	0.030	9180.000	0.015	9180.000	0.006
9240.000	0.035	9240.000	0.046	9240.000	0.060	9240.000	0.002	9240.000	0.030	9240.000	0.015	9240.000	0.007
9300.000	0.035	9300.000	0.047	9300.000	0.060	9300.000	0.002	9300.000	0.030	9300.000	0.015	9300.000	0.006
9360.000	0.035	9360.000	0.044	9360.000	0.061	9360.000	0.002	9360.000	0.030	9360.000	0.015	9360.000	0.006
9420.000	0.035	9420.000	0.044	9420.000	0.061	9420.000	0.002	9420.000	0.030	9420.000	0.015	9420.000	0.007
9480.000	0.035	9480.000	0.044	9480.000	0.061	9480.000	0.002	9480.000	0.030	9480.000	0.015	9480.000	0.007
9540.000	0.036	9540.000	0.045	9540.000	0.062	9540.000	0.002	9540.000	0.030	9540.000	0.016	9540.000	0.007
9600.000	0.036	9600.000	0.045	9600.000	0.062	9600.000	0.002	9600.000	0.031	9600.000	0.016	9600.000	0.007
9660.000	0.036	9660.000	0.045	9660.000	0.063	9660.000	0.002	9660.000	0.031	9660.000	0.016	9660.000	0.007
9720.000	0.036	9720.000	0.045	9720.000	0.063	9720.000	0.002	9720.000	0.031	9720.000	0.016	9720.000	0.007
9780.000	0.037	9780.000	0.046	9780.000	0.063	9780.000	0.002	9780.000	0.031	9780.000	0.016	9780.000	0.007
9840.000	0.037	9840.000	0.046	9840.000	0.063	9840.000	0.002	9840.000	0.031	9840.000	0.016	9840.000	0.007
9900.000	0.037	9900.000	0.047	9900.000	0.064	9900.000	0.002	9900.000	0.031	9900.000	0.016	9900.000	0.007
9960.000	0.038	9960.000	0.047	9960.000	0.064	9960.000	0.002	9960.000	0.031	9960.000	0.016	9960.000	0.007
10020.000	0.038	10020.000	0.047	10020.000	0.065	10020.000	0.002	10020.000	0.032	10020.000	0.016	10020.000	0.007
10080.000	0.038	10080.000	0.047	10080.000	0.065	10080.000	0.002	10080.000	0.032	10080.000	0.017	10080.000	0.007
10140.000	0.038	10140.000	0.047	10140.000	0.066	10140.000	0.002	10140.000	0.032	10140.000	0.016	10140.000	0.007
10200.000	0.038	10200.000	0.048	10200.000	0.066	10200.000	0.002	10200.000	0.032	10200.000	0.016	10200.000	0.008
10260.000	0.038	10260.000	0.048	10260.000	0.066	10260.000	0.002	10260.000	0.032	10260.000	0.016	10260.000	0.007
10320.000	0.038	10320.000	0.049	10320.000	0.066	10320.000	0.002	10320.000	0.032	10320.000	0.017	10320.000	0.007
10380.000	0.038	10380.000	0.048	10380.000	0.067	10380.000	0.002	10380.000	0.033	10380.000	0.017	10380.000	0.008
10440.000	0.039	10440.000	0.049	10440.000	0.068	10440.000	0.002	10440.000	0.033	10440.000	0.017	10440.000	0.008
10500.000	0.039	10500.000	0.049	10500.000	0.068	10500.000	0.002	10500.000	0.033	10500.000	0.017	10500.000	0.007
10560.000	0.039	10560.000	0.050	10560.000	0.068	10560.000	0.003	10560.000	0.033	10560.000	0.017	10560.000	0.008
10620.000	0.040	10620.000	0.049	10620.000	0.068	10620.000	0.003	10620.000	0.033	10620.000	0.017	10620.000	0.008
10680.000	0.040	10680.000	0.050	10680.000	0.069	10680.000	0.002	10680.000	0.033	10680.000	0.017	10680.000	0.008
10740.000	0.040	10740.000	0.051	10740.000	0.069	10740.000	0.002	10740.000	0.033	10740.000	0.017	10740.000	0.008
10800.000	0.040	10800.000	0.051	10800.000	0.069	10800.000	0.002	10800.000	0.034	10800.000	0.017	10800.000	0.008
10860.000	0.040	10860.000	0.051	10860.000	0.070	10860.000	0.002	10860.000	0.034	10860.000	0.018	10860.000	0.008
10920.000	0.041	10920.000	0.051	10920.000	0.071	10920.000	0.003	10920.000	0.034	10920.000	0.018	10920.000	0.008
10980.000	0.041	10980.000	0.052	10980.000	0.071	10980.000	0.003	10980.000	0.034	10980.000	0.018	10980.000	0.008
11040.000	0.041	11040.000	0.052	11040.000	0.071	11040.000	0.003	11040.000	0.034	11040.000	0.018	11040.000	0.008
11100.000	0.042	11100.000	0.052	11100.000	0.072	11100.000	0.002	11100.000	0.034	11100.000	0.018	11100.000	0.008
11160.000	0.042	11160.000	0.052	11160.000	0.072	11160.000	0.003	11160.000	0.034	11160.000	0.018	11160.000	0.008
11220.000	0.041	11220.000	0.053	11220.000	0.072	11220.000	0.002	11220.000	0.035	11220.000	0.018	11220.000	0.008
11280.000	0.042	11280.000	0.053	11280.000	0.073	11280.000	0.002	11280.000	0.035	11280.000	0.018	11280.000	0.008
11340.000	0.042	11340.000	0.053	11340.000	0.072	11340.000	0.003	11340.000	0.035	11340.000	0.018	11340.000	0.008
11400.000	0.043	11400.000	0.053	11400.000	0.073	11400.000	0.003	11400.000	0.035	11400.000	0.018	11400.000	0.008
11460.000	0.042	11460.000	0.054	11460.000	0.074	11460.000	0.003	11460.000	0.035	11460.000	0.019	11460.000	0.008
11520.000	0.043	11520.000	0.054	11520.000	0.074	11520.000	0.003	11520.000	0.035	11520.000	0.018	11520.000	0.009
11580.000	0.043	11580.000	0.054	11580.000	0.075	11580.000	0.002	11580.000	0.035	11580.000	0.019	11580.000	0.009
11640.000	0.043	11640.000	0.055	11640.000	0.075	11640.000	0.003	11640.000	0.035	11640.000	0.019	11640.000	0.009
11700.000	0.044	11700.000	0.055	11700.000	0.075	11700.000	0.003	11700.000	0.036	11700.000	0.019	11700.000	0.008
11760.000	0.044	11760.000	0.055	11760.000	0.076	11760.000	0.003	11760.000	0.035	11760.000	0.019	11760.000	0.009
11820.000	0.044	11820.000	0.055	11820.000	0.076	11820.000	0.003	11820.000	0.036	11820.000	0.019	11820.000	0.009
11880.000	0.044	11880.000	0.056	11880.000	0.075	11880.000	0.003	11880.000	0.036	11880.000	0.019	11880.000	0.009
11940.000	0.044	11940.000	0.056	11940.000	0.076	11940.000	0.003	11940.000	0.036	11940.000	0.019	11940.000	0.009
12000.000	0.044	12000.000	0.056	12000.000	0.077	12000.000	0.003	12000.000	0.036	12000.000	0.019	12000.000	0.009
12060.000	0.045	12060.000	0.056	12060.000	0.069	12060.000	0.003	12060.000	0.036	12060.000	0.019	12060.000	0.009
12120.000	0.045	12120.000	0.056	12120.000	0.069	12120.000	0.003	12120.000	0.036	12120.000	0.019	12120.000	0.009
12180.000	0.045	12180.000	0.057	12180.000	0.069	12180.000	0.003	12180.000	0.037	12180.000	0.020	12180.000	0.009
12240.000	0.045	12240.000	0.057	12240.000	0.070	12240.000	0.003	12240.000	0.037	12240.000	0.020	12240.000	0.009
12300.000	0.046	12300.000	0.057	12300.000	0.070	12300.000	0.003	12300.000	0.037	12300.000	0.020	12300.000	0.009
12360.000	0.046	12360.000	0.058	12360.000	0.070	12360.000	0.003	12360.000	0.037	12360.000	0.020	12360.000	0.009
12420.000	0.046	12420.000	0.058	12420.000	0.071	12420.000	0.003	12420.000	0.037	12420.000	0.020	12420.000	0.009
12480.000	0.046	12480.000	0.058	12480.000	0.071	12480.000	0.003	12480.000	0.037	12480.000	0.020	12480.000	0.009
12540.000	0.046	12540.000	0.058	12540.000	0.071	12540.000	0.003	12540.000	0.037	12540.000	0.020	12540.000	0.009
12600.000	0.047	12600.000	0.058	12600.000	0.071	12600.000	0.003	12600.000	0.037	12600.000	0.020	12600.000	0.009
12660.000	0.047	12660.000	0.059	12660.000	0.072	12660.000	0.003	12660.000	0.038	12660.000	0.020	12660.000	0.009
12720.000	0.047	12720.000	0.059	12720.000	0.072	12720.000	0.003	12720.000	0.038	12720.000	0.020	12720.000	0.009
12780.000	0.047	12780.000	0.059	12780.000	0.072	12780.000	0.003	12780.000	0.038	12780.000	0.020	12780.000	0.010
12840.000	0.047	12840.000	0.059	12840.000	0.073	12840.000	0.003	12840.000	0.038	12840.000	0.021	12840.000	0.010
12900.000	0.047	12900.000	0.060	12900.000	0.073	12900.000	0.003	12900.000	0.038	12900.000	0.020	12900.000	0.010
12960.000	0.048	12960.000	0.060	12960.000	0.073	12960.000	0.003	12960.000	0.038	12960.000	0.021	12960.000	0.010
13020.000	0.048	13020.000	0.060	13020.000	0.074	13020.000	0.003	13020.000	0.038	13020.000	0.021	13020.000	0.010
13080.000	0.048	13080.000	0.060	13080.000	0.074	13080.000	0.003	13080.000	0.039	13080.000	0.021	13080.000	0.010
13140.000	0.048	13140.000	0.061	13140.000	0.074	13140.000	0.004	13140.000	0.039	13140.000	0.021	13140.000	0.010
13200.000	0.048	13200.000	0.061	13200.000	0.075	13200.000	0.003	13200.000	0.039	13200.000	0.021	13200.000	0.010
13260.000	0.049	13260.000	0.062	13260.000	0.075	13260.000	0.003	13260.000	0.039	13260.000	0.021	13260.000	0.010
13320.000	0.049	13320.000	0.061	13320.000	0.075	13320.000	0.003	13320.000	0.039	13320.000	0.022	13320.000	0.010
13380.000	0.049	13380.000	0.062	13380.000	0.076	13380.000	0.003	13380.000	0.039	13380.000	0.021	13380.000	0.010
13440.000	0.049	13440.000	0.062	13440.000	0.076	13440.000	0.003	13440.000	0.039	13440.000	0.021	13440.000	0.010
13500.000	0.050	13500.000	0.062	13500.000	0.076	13500.000	0.003	13500.000	0.040	13500.000	0.021	13500.000	0.010
13560.000	0.050	13560.000	0.063	13560.000	0.076	13560.000	0.003	13560.000	0.040	13560.000	0.021	13560.000	0.010
13620.000	0.049	13620.000	0.063	13620.000	0.076	13620.000	0.003	13620.000	0.040	13620.000	0.022	13620.000	0.010
13680.000	0.050	13680.000	0.063	13680.000	0.077	13680.000	0.003	13680.000	0.040	13680.000	0.022	13680.000	0.010
13740.000	0.050	13740.000	0.063	13740.000	0.077	13740.000	0.003	13740.000	0.040	13740.000	0.022	13740.000	0.010
13800.000	0.051	13800.000	0.064	13800.000	0.077	13800.000	0.004	13800.000	0.040	13800.000	0.022	13800.000	0.010
13860.000	0.050	13860.000	0.064	13860.000	0.078	13860.000	0.004	13860.000	0.040	13860.000	0.022	13860.000	0.010
13920.000	0.051	13920.000	0.064	13920.000	0.077	13920.000	0.004	13920.000	0.041	13920.000	0.022	13920.000	0.010
13980.000	0.051	13980.000	0.064	13980.000	0.078	13980.000	0.003	13980.000	0.041	13980.000	0.022	13980.000	0.010
14040.000	0.051	14040.000	0.064	14040.000	0.078	14040.000	0.004	14040.000	0.040	14040.000	0.022	14040.000	0.010
14100.000	0.051	14100.000	0.065	14100.000	0.079	14100.000	0.003	14100.000	0.041	14100.000	0.022	14100.000	0.010
14160.000	0.051	14160.000	0.065	14160.000	0.079	14160.000	0.003	14160.000	0.041	14160.000	0.022	14160.000	0.010
14220.000	0.051	14220.000	0.066	14220.000	0.079	14220.000	0.004	14220.000	0.041	14220.000	0.022	14220.000	0.010
14280.000	0.052	14280.000	0.066	14280.000	0.079	14280.000	0.004	14280.000	0.041	14280.000	0.023	14280.000	0.010
14340.000	0.052	14340.000	0.066	14340.000	0.080	14340.000	0.004	14340.000	0.041	14340.000	0.023	14340.000	0.011
14400.000	0.053	14400.000	0.066	14400.000	0.080	14400.000	0.004	14400.000	0.041	14400.000	0.022	14400.000	0.011
14460.000	0.052	14460.000	0.066	14460.000	0.080	14460.000	0.004	14460.000	0.042	14460.000	0.023	14460.000	0.011
14520.000	0.052	14520.000	0.066	14520.000	0.081	14520.000	0.004	14520.000	0.042	14520.000	0.023	14520.000	0.011
14580.000	0.053	14580.000	0.067	14580.000	0.081	14580.000	0.004	14580.000	0.042	14580.000	0.023	14580.000	0.011
14640.000	0.053	14640.000	0.067	14640.000	0.081	14640.000	0.004	14640.000	0.042	14640.000	0.023	14640.000	0.011
14700.000	0.053	14700.000	0.067	14700.000	0.082	14700.000	0.004	14700.000	0.042	14700.000	0.023	14700.000	0.011
14760.000	0.054	14760.000	0.068	14760.000	0.082	14760.000	0.004	14760.000	0.042	14760.000	0.023	14760.000	0.011
14820.000	0.054	14820.000	0.068	14820.000	0.082	14820.000	0.004	14820.000	0.042	14820.000	0.023	14820.000	0.011
14880.000	0.054	14880.000	0.068	14880.000	0.082	14880.000	0.004	14880.000	0.042	14880.000	0.023	14880.000	0.011
14940.000	0.054	14940.000	0.068	14940.000	0.083	14940.000	0.004	14940.000	0.043	14940.000	0.024	14940.000	0.011
15000.000	0.054	15000.000	0.068	15000.000	0.083	15000.000	0.004	15000.000	0.043	15000.000	0.024	15000.000	0.011
15060.000	0.055	15060.000	0.069	15060.000	0.084	15060.000	0.004	15060.000	0.043	15060.000	0.023	15060.000	0.011
15120.000	0.055	15120.000	0.069	15120.000	0.084	15120.000	0.004	15120.000	0.043	15120.000	0.024	15120.000	0.011
15180.000	0.055	15180.000	0.069	15180.000	0.084	15180.000	0.004	15180.000	0.043	15180.000	0.024	15180.000	0.011
15240.000	0.055	15240.000	0.069	15240.000	0.084	15240.000	0.004	15240.000	0.043	15240.000	0.024	15240.000	0.012
15300.000	0.055	15300.000	0.069	15300.000	0.085	15300.000	0.004	15300.000	0.043	15300.000	0.024	15300.000	0.011
15360.000	0.055	15360.000	0.070	15360.000	0.085	15360.000	0.004	15360.000	0.043	15360.000	0.024	15360.000	0.011
15420.000	0.055	15420.000	0.070	15420.000	0.085	15420.000	0.004	15420.000	0.044	15420.000	0.024	15420.000	0.011
15480.000	0.056	15480.000	0.070	15480.000	0.086	15480.000	0.004	15480.000	0.044	15480.000	0.024	15480.000	0.012
15540.000	0.056	15540.000	0.070	15540.000	0.086	15540.000	0.004	15540.000	0.044	15540.000	0.024	15540.000	0.012
15600.000	0.056	15600.000	0.070	15600.000	0.086	15600.000	0.004	15600.000	0.044	15600.000	0.024	15600.000	0.012
15660.000	0.056	15660.000	0.071	15660.000	0.053	15660.000	0.004	15660.000	0.044	15660.000	0.024	15660.000	0.012
15720.000	0.057	15720.000	0.071	15720.000	0.053	15720.000	0.004	15720.000	0.044	15720.000	0.025	15720.000	0.012
15780.000	0.057	15780.000	0.072	15780.000	0.053	15780.000	0.004	15780.000	0.044	15780.000	0.024	15780.000	0.012
15840.000	0.057	15840.000	0.072	15840.000	0.053	15840.000	0.004	15840.000	0.044	15840.000	0.025	15840.000	0.011
15900.000	0.057	15900.000	0.072	15900.000	0.053	15900.000	0.004	15900.000	0.045	15900.000	0.025	15900.000	0.012
15960.000	0.057	15960.000	0.072	15960.000	0.053	15960.000	0.004	15960.000	0.045	15960.000	0.025	15960.000	0.012
16020.000	0.057	16020.000	0.072	16020.000	0.054	16020.000	0.004	16020.000	0.045	16020.000	0.025	16020.000	0.012
16080.000	0.057	16080.000	0.073	16080.000	0.053	16080.000	0.005	16080.000	0.045	16080.000	0.025	16080.000	0.012
16140.000	0.058	16140.000	0.073	16140.000	0.054	16140.000	0.004	16140.000	0.045	16140.000	0.025	16140.000	0.012
16200.000	0.058	16200.000	0.073	16200.000	0.054	16200.000	0.005	16200.000	0.045	16200.000	0.025	16200.000	0.012
16260.000	0.058	16260.000	0.073	16260.000	0.054	16260.000	0.005	16260.000	0.045	16260.000	0.025	16260.000	0.012
16320.000	0.058	16320.000	0.074	16320.000	0.054	16320.000	0.005	16320.000	0.046	16320.000	0.025	16320.000	0.012
16380.000	0.058	16380.000	0.074	16380.000	0.054	16380.000	0.005	16380.000	0.046	16380.000	0.025	16380.000	0.013
16440.000	0.058	16440.000	0.074	16440.000	0.055	16440.000	0.004	16440.000	0.046	16440.000	0.025	16440.000	0.013
16500.000	0.058	16500.000	0.074	16500.000	0.055	16500.000	0.004	16500.000	0.046	16500.000	0.025	16500.000	0.013
16560.000	0.059	16560.000	0.074	16560.000	0.055	16560.000	0.005	16560.000	0.046	16560.000	0.025	16560.000	0.012
16620.000	0.059	16620.000	0.074	16620.000	0.055	16620.000	0.005	16620.000	0.046	16620.000	0.026	16620.000	0.012
16680.000	0.059	16680.000	0.075	16680.000	0.055	16680.000	0.005	16680.000	0.046	16680.000	0.026	16680.000	0.012
16740.000	0.059	16740.000	0.075	16740.000	0.055	16740.000	0.005	16740.000	0.046	16740.000	0.026	16740.000	0.013
16800.000	0.059	16800.000	0.075	16800.000	0.056	16800.000	0.005	16800.000	0.047	16800.000	0.026	16800.000	0.013
16860.000	0.060	16860.000	0.076	16860.000	0.056	16860.000	0.004	16860.000	0.046	16860.000	0.026	16860.000	0.013
16920.000	0.060	16920.000	0.076	16920.000	0.056	16920.000	0.005	16920.000	0.047	16920.000	0.026	16920.000	0.013
16980.000	0.060	16980.000	0.076	16980.000	0.056	16980.000	0.005	16980.000	0.047	16980.000	0.026	16980.000	0.013
17040.000	0.060	17040.000	0.076	17040.000	0.056	17040.000	0.005	17040.000	0.047	17040.000	0.026	17040.000	0.013
17100.000	0.061	17100.000	0.077	17100.000	0.056	17100.000	0.005	17100.000	0.047	17100.000	0.026	17100.000	0.013
17160.000	0.060	17160.000	0.077	17160.000	0.056	17160.000	0.005	17160.000	0.047	17160.000	0.026	17160.000	0.013
17220.000	0.061	17220.000	0.077	17220.000	0.056	17220.000	0.005	17220.000	0.048	17220.000	0.026	17220.000	0.013
17280.000	0.061	17280.000	0.077	17280.000	0.057	17280.000	0.005	17280.000	0.040	17280.000	0.026	17280.000	0.013
17340.000	0.061	17340.000	0.077	17340.000	0.057	17340.000	0.005	17340.000	0.040	17340.000	0.026	17340.000	0.013
17400.000	0.061	17400.000	0.077	17400.000	0.057	17400.000	0.005	17400.000	0.040	17400.000	0.027	17400.000	0.013
17460.000	0.061	17460.000	0.078	17460.000	0.057	17460.000	0.005	17460.000	0.040	17460.000	0.027	17460.000	0.013
17520.000	0.062	17520.000	0.078	17520.000	0.057	17520.000	0.005	17520.000	0.040	17520.000	0.027	17520.000	0.013
17580.000	0.062	17580.000	0.078	17580.000	0.058	17580.000	0.005	17580.000	0.040	17580.000	0.027	17580.000	0.014
17640.000	0.062	17640.000	0.078	17640.000	0.057	17640.000	0.005	17640.000	0.040	17640.000	0.027	17640.000	0.013
17700.000	0.062	17700.000	0.078	17700.000	0.058	17700.000	0.005	17700.000	0.040	17700.000	0.027	17700.000	0.013
17760.000	0.062	17760.000	0.078	17760.000	0.058	17760.000	0.005	17760.000	0.040	17760.000	0.027	17760.000	0.014
17820.000	0.063	17820.000	0.078	17820.000	0.058	17820.000	0.005	17820.000	0.040	17820.000	0.027	17820.000	0.013
17880.000	0.063	17880.000	0.079	17880.000	0.058	17880.000	0.006	17880.000	0.040	17880.000	0.027	17880.000	0.014
17940.000	0.063	17940.000	0.079	17940.000	0.058	17940.000	0.005	17940.000	0.041	17940.000	0.027	17940.000	0.014
18000.000	0.063	18000.000	0.080	18000.000	0.059	18000.000	0.006	18000.000	0.040	18000.000	0.028	18000.000	0.014
18060.000	0.063	18060.000	0.080	18060.000	0.059	18060.000	0.006	18060.000	0.041	18060.000	0.028	18060.000	0.014
18120.000	0.063	18120.000	0.080	18120.000	0.059	18120.000	0.005	18120.000	0.041	18120.000	0.027	18120.000	0.014
18180.000	0.064	18180.000	0.080	18180.000	0.059	18180.000	0.006	18180.000	0.041	18180.000	0.028	18180.000	0.014
18240.000	0.063	18240.000	0.081	18240.000	0.059	18240.000	0.005	18240.000	0.041	18240.000	0.028	18240.000	0.014
18300.000	0.064	18300.000	0.081	18300.000	0.059	18300.000	0.006	18300.000	0.041	18300.000	0.028	18300.000	0.014
18360.000	0.065	18360.000	0.081	18360.000	0.059	18360.000	0.006	18360.000	0.041	18360.000	0.028	18360.000	0.014
18420.000	0.064	18420.000	0.081	18420.000	0.059	18420.000	0.006	18420.000	0.041	18420.000	0.028	18420.000	0.014
18480.000	0.064	18480.000	0.081	18480.000	0.059	18480.000	0.006	18480.000	0.042	18480.000	0.028	18480.000	0.014
18540.000	0.065	18540.000	0.082	18540.000	0.060	18540.000	0.006	18540.000	0.041	18540.000	0.028	18540.000	0.014
18600.000	0.065	18600.000	0.082	18600.000	0.060	18600.000	0.006	18600.000	0.042	18600.000	0.028	18600.000	0.014
18660.000	0.065	18660.000	0.081	18660.000	0.060	18660.000	0.006	18660.000	0.042	18660.000	0.029	18660.000	0.014
18720.000	0.065	18720.000	0.083	18720.000	0.060	18720.000	0.006	18720.000	0.042	18720.000	0.028	18720.000	0.015
18780.000	0.066	18780.000	0.082	18780.000	0.060	18780.000	0.006	18780.000	0.042	18780.000	0.028	18780.000	0.014
18840.000	0.065	18840.000	0.083	18840.000	0.061	18840.000	0.006	18840.000	0.042	18840.000	0.028	18840.000	0.014
18900.000	0.066	18900.000	0.083	18900.000	0.061	18900.000	0.006	18900.000	0.042	18900.000	0.029	18900.000	0.015
18960.000	0.066	18960.000	0.083	18960.000	0.060	18960.000	0.006	18960.000	0.042	18960.000	0.028	18960.000	0.014
19020.000	0.066	19020.000	0.083	19020.000	0.061	19020.000	0.006	19020.000	0.042	19020.000	0.028	19020.000	0.015
19080.000	0.066	19080.000	0.083	19080.000	0.061	19080.000	0.006	19080.000	0.042	19080.000	0.029	19080.000	0.015
19140.000	0.066	19140.000	0.083	19140.000	0.061	19140.000	0.006	19140.000	0.043	19140.000	0.029	19140.000	0.014
19200.000	0.066	19200.000	0.084	19200.000	0.061	19200.000	0.006	19200.000	0.043	19200.000	0.029	19200.000	0.015
19260.000	0.067	19260.000	0.084	19260.000	0.061	19260.000	0.006	19260.000	0.042	19260.000	0.029	19260.000	0.015
19320.000	0.067	19320.000	0.084	19320.000	0.061	19320.000	0.006	19320.000	0.043	19320.000	0.029	19320.000	0.015
19380.000	0.067	19380.000	0.084	19380.000	0.062	19380.000	0.006	19380.000	0.043	19380.000	0.029	19380.000	0.015
19440.000	0.067	19440.000	0.084	19440.000	0.062	19440.000	0.006	19440.000	0.043	19440.000	0.029	19440.000	0.015
19500.000	0.068	19500.000	0.085	19500.000	0.062	19500.000	0.006	19500.000	0.043	19500.000	0.029	19500.000	0.015
19560.000	0.068	19560.000	0.085	19560.000	0.062	19560.000	0.007	19560.000	0.043	19560.000	0.029	19560.000	0.015
19620.000	0.068	19620.000	0.085	19620.000	0.062	19620.000	0.006	19620.000	0.043	19620.000	0.029	19620.000	0.015
19680.000	0.068	19680.000	0.086	19680.000	0.062	19680.000	0.006	19680.000	0.043	19680.000	0.029	19680.000	0.015
19740.000	0.068	19740.000	0.086	19740.000	0.062	19740.000	0.006	19740.000	0.043	19740.000	0.030	19740.000	0.015
19800.000	0.068	19800.000	0.085	19800.000	0.063	19800.000	0.006	19800.000	0.044	19800.000	0.029	19800.000	0.015
19860.000	0.068	19860.000	0.085	19860.000	0.063	19860.000	0.006	19860.000	0.043	19860.000	0.030	19860.000	0.015
19920.000	0.068	19920.000	0.086	19920.000	0.063	19920.000	0.007	19920.000	0.044	19920.000	0.030	19920.000	0.015
19980.000	0.068	19980.000	0.086	19980.000	0.063	19980.000	0.007	19980.000	0.044	19980.000	0.030	19980.000	0.015
20040.000	0.069	20040.000	0.086	20040.000	0.063	20040.000	0.006	20040.000	0.044	20040.000	0.030	20040.000	0.015
20100.000	0.069	20100.000	0.087	20100.000	0.063	20100.000	0.007	20100.000	0.044	20100.000	0.030	20100.000	0.015
20160.000	0.069	20160.000	0.086	20160.000	0.063	20160.000	0.007	20160.000	0.044	20160.000	0.030	20160.000	0.016
20220.000	0.069	20220.000	0.087	20220.000	0.064	20220.000	0.006	20220.000	0.044	20220.000	0.030	20220.000	0.016
20280.000	0.070	20280.000	0.088	20280.000	0.064	20280.000	0.007	20280.000	0.044	20280.000	0.030	20280.000	0.015
20340.000	0.070	20340.000	0.088	20340.000	0.064	20340.000	0.007	20340.000	0.044	20340.000	0.030	20340.000	0.016
20400.000	0.070	20400.000	0.088	20400.000	0.064	20400.000	0.007	20400.000	0.045	20400.000	0.030	20400.000	0.016
20460.000	0.070	20460.000	0.087	20460.000	0.064	20460.000	0.007	20460.000	0.044	20460.000	0.030	20460.000	0.016
20520.000	0.070	20520.000	0.088	20520.000	0.064	20520.000	0.007	20520.000	0.045	20520.000	0.030	20520.000	0.016
20580.000	0.070	20580.000	0.089	20580.000	0.064	20580.000	0.007	20580.000	0.045	20580.000	0.030	20580.000	0.016
20640.000	0.070	20640.000	0.087	20640.000	0.065	20640.000	0.007	20640.000	0.045	20640.000	0.031	20640.000	0.016
20700.000	0.070	20700.000	0.087	20700.000	0.065	20700.000	0.007	20700.000	0.045	20700.000	0.030	20700.000	0.016
20760.000	0.071	20760.000	0.087	20760.000	0.065	20760.000	0.007	20760.000	0.045	20760.000	0.031	20760.000	0.016
20820.000	0.071	20820.000	0.087	20820.000	0.065	20820.000	0.007	20820.000	0.045	20820.000	0.030	20820.000	0.016
20880.000	0.071	20880.000	0.087	20880.000	0.065	20880.000	0.007	20880.000	0.045	20880.000	0.030	20880.000	0.016
20940.000	0.071	20940.000	0.088	20940.000	0.065	20940.000	0.007	20940.000	0.045	20940.000	0.031	20940.000	0.016
21000.000	0.071	21000.000	0.088	21000.000	0.065	21000.000	0.007	21000.000	0.045	21000.000	0.031	21000.000	0.016
21060.000	0.072	21060.000	0.088	21060.000	0.066	21060.000	0.007	21060.000	0.045	21060.000	0.031	21060.000	0.016
21120.000	0.072	21120.000	0.088	21120.000	0.065	21120.000	0.008	21120.000	0.045	21120.000	0.031	21120.000	0.016
21180.000	0.072	21180.000	0.089	21180.000	0.066	21180.000	0.007	21180.000	0.046	21180.000	0.031	21180.000	0.016
21240.000	0.072	21240.000	0.089	21240.000	0.066	21240.000	0.007	21240.000	0.046	21240.000	0.032	21240.000	0.016
21300.000	0.072	21300.000	0.088	21300.000	0.066	21300.000	0.007	21300.000	0.046	21300.000	0.031	21300.000	0.016
21360.000	0.072	21360.000	0.089	21360.000	0.066	21360.000	0.007	21360.000	0.046	21360.000	0.031	21360.000	0.016
21420.000	0.073	21420.000	0.090	21420.000	0.066	21420.000	0.007	21420.000	0.046	21420.000	0.031	21420.000	0.016
21480.000	0.073	21480.000	0.090	21480.000	0.067	21480.000	0.008	21480.000	0.046	21480.000	0.031	21480.000	0.017
21540.000	0.073	21540.000	0.090	21540.000	0.066	21540.000	0.007	21540.000	0.047	21540.000	0.031	21540.000	0.017
21600.000	0.073	21600.000	0.090	21600.000	0.067	21600.000	0.008	21600.000	0.046	21600.000	0.032	21600.000	0.017
21660.000	0.073	21660.000	0.089	21660.000	0.067	21660.000	0.008	21660.000	0.047	21660.000	0.032	21660.000	0.017
21720.000	0.073	21720.000	0.091	21720.000	0.067	21720.000	0.007	21720.000	0.046	21720.000	0.031	21720.000	0.017
21780.000	0.073	21780.000	0.094	21780.000	0.068	21780.000	0.008	21780.000	0.047	21780.000	0.032	21780.000	0.016
21840.000	0.073	21840.000	0.095	21840.000	0.067	21840.000	0.008	21840.000	0.047	21840.000	0.032	21840.000	0.016
21900.000	0.074	21900.000	0.095	21900.000	0.068	21900.000	0.008	21900.000	0.047	21900.000	0.032	21900.000	0.017
21960.000	0.074	21960.000	0.095	21960.000	0.067	21960.000	0.008	21960.000	0.047	21960.000	0.032	21960.000	0.017
22020.000	0.074	22020.000	0.096	22020.000	0.068	22020.000	0.007	22020.000	0.047	22020.000	0.032	22020.000	0.017
22080.000	0.074	22080.000	0.096	22080.000	0.068	22080.000	0.008	22080.000	0.047	22080.000	0.032	22080.000	0.017
22140.000	0.074	22140.000	0.096	22140.000	0.068	22140.000	0.007	22140.000	0.047	22140.000	0.032	22140.000	0.017
22200.000	0.075	22200.000	0.096	22200.000	0.068	22200.000	0.008	22200.000	0.047	22200.000	0.032	22200.000	0.017
22260.000	0.075	22260.000	0.097	22260.000	0.068	22260.000	0.008	22260.000	0.047	22260.000	0.032	22260.000	0.017
22320.000	0.075	22320.000	0.097	22320.000	0.068	22320.000	0.008	22320.000	0.047	22320.000	0.032	22320.000	0.017
22380.000	0.075	22380.000	0.097	22380.000	0.068	22380.000	0.008	22380.000	0.047	22380.000	0.033	22380.000	0.017
22440.000	0.075	22440.000	0.097	22440.000	0.068	22440.000	0.008	22440.000	0.047	22440.000	0.033	22440.000	0.017
22500.000	0.076	22500.000	0.097	22500.000	0.068	22500.000	0.008	22500.000	0.047	22500.000	0.033	22500.000	0.017
22560.000	0.075	22560.000	0.098	22560.000	0.068	22560.000	0.008	22560.000	0.047	22560.000	0.033	22560.000	0.017
22620.000	0.076	22620.000	0.098	22620.000	0.068	22620.000	0.008	22620.000	0.048	22620.000	0.033	22620.000	0.017
22680.000	0.076	22680.000	0.098	22680.000	0.068	22680.000	0.008	22680.000	0.048	22680.000	0.033	22680.000	0.017
22740.000	0.076	22740.000	0.098	22740.000	0.069	22740.000	0.008	22740.000	0.048	22740.000	0.033	22740.000	0.017
22800.000	0.076	22800.000	0.099	22800.000	0.069	22800.000	0.008	22800.000	0.048	22800.000	0.033	22800.000	0.018
22860.000	0.076	22860.000	0.099	22860.000	0.068	22860.000	0.008	22860.000	0.048	22860.000	0.033	22860.000	0.017
22920.000	0.077	22920.000	0.099	22920.000	0.069	22920.000	0.008	22920.000	0.048	22920.000	0.033	22920.000	0.018
22980.000	0.076	22980.000	0.099	22980.000	0.069	22980.000	0.008	22980.000	0.048	22980.000	0.033	22980.000	0.018
23040.000	0.076	23040.000	0.099	23040.000	0.069	23040.000	0.008	23040.000	0.048	23040.000	0.033	23040.000	0.018
23100.000	0.077	23100.000	0.100	23100.000	0.069	23100.000	0.008	23100.000	0.048	23100.000	0.033	23100.000	0.017
23160.000	0.077	23160.000	0.100	23160.000	0.069	23160.000	0.009	23160.000	0.049	23160.000	0.033	23160.000	0.018
23220.000	0.077	23220.000	0.100	23220.000	0.069	23220.000	0.008	23220.000	0.049	23220.000	0.033	23220.000	0.018
23280.000	0.077	23280.000	0.100	23280.000	0.069	23280.000	0.008	23280.000	0.049	23280.000	0.034	23280.000	0.018
23340.000	0.078	23340.000	0.101	23340.000	0.069	23340.000	0.008	23340.000	0.049	23340.000	0.034	23340.000	0.018
23400.000	0.077	23400.000	0.101	23400.000	0.070	23400.000	0.008	23400.000	0.049	23400.000	0.034	23400.000	0.018
23460.000	0.078	23460.000	0.101	23460.000	0.070	23460.000	0.009	23460.000	0.049	23460.000	0.034	23460.000	0.018
23520.000	0.078	23520.000	0.101	23520.000	0.070	23520.000	0.008	23520.000	0.049	23520.000	0.034	23520.000	0.018
23580.000	0.078	23580.000	0.101	23580.000	0.070	23580.000	0.008	23580.000	0.049	23580.000	0.034	23580.000	0.018
23640.000	0.078	23640.000	0.101	23640.000	0.070	23640.000	0.008	23640.000	0.049	23640.000	0.034	23640.000	0.018
23700.000	0.078	23700.000	0.102	23700.000	0.070	23700.000	0.009	23700.000	0.049	23700.000	0.034	23700.000	0.018
23760.000	0.079	23760.000	0.102	23760.000	0.070	23760.000	0.009	23760.000	0.049	23760.000	0.034	23760.000	0.018
23820.000	0.078	23820.000	0.102	23820.000	0.070	23820.000	0.009	23820.000	0.049	23820.000	0.034	23820.000	0.018
23880.000	0.079	23880.000	0.102	23880.000	0.071	23880.000	0.009	23880.000	0.050	23880.000	0.034	23880.000	0.018
23940.000	0.079	23940.000	0.103	23940.000	0.071	23940.000	0.008	23940.000	0.049	23940.000	0.034	23940.000	0.018
24000.000	0.079	24000.000	0.103	24000.000	0.071	24000.000	0.009	24000.000	0.050	24000.000	0.034	24000.000	0.018
24060.000	0.080	24060.000	0.103	24060.000	0.071	24060.000	0.009	24060.000	0.050	24060.000	0.035	24060.000	0.018
24120.000	0.079	24120.000	0.103	24120.000	0.071	24120.000	0.009	24120.000	0.050	24120.000	0.034	24120.000	0.018
24180.000	0.079	24180.000	0.104	24180.000	0.071	24180.000	0.009	24180.000	0.050	24180.000	0.035	24180.000	0.018
24240.000	0.080	24240.000	0.104	24240.000	0.071	24240.000	0.009	24240.000	0.050	24240.000	0.034	24240.000	0.019
24300.000	0.080	24300.000	0.104	24300.000	0.072	24300.000	0.009	24300.000	0.050	24300.000	0.035	24300.000	0.019
24360.000	0.080	24360.000	0.104	24360.000	0.072	24360.000	0.009	24360.000	0.050	24360.000	0.035	24360.000	0.018
24420.000	0.080	24420.000	0.104	24420.000	0.071	24420.000	0.009	24420.000	0.051	24420.000	0.035	24420.000	0.018
24480.000	0.080	24480.000	0.104	24480.000	0.072	24480.000	0.009	24480.000	0.050	24480.000	0.035	24480.000	0.019
24540.000	0.080	24540.000	0.105	24540.000	0.072	24540.000	0.009	24540.000	0.050	24540.000	0.035	24540.000	0.018
24600.000	0.081	24600.000	0.105	24600.000	0.072	24600.000	0.009	24600.000	0.051	24600.000	0.035	24600.000	0.019
24660.000	0.081	24660.000	0.105	24660.000	0.072	24660.000	0.009	24660.000	0.051	24660.000	0.035	24660.000	0.019
24720.000	0.081	24720.000	0.105	24720.000	0.072	24720.000	0.009	24720.000	0.051	24720.000	0.035	24720.000	0.019
24780.000	0.081	24780.000	0.105	24780.000	0.072	24780.000	0.009	24780.000	0.051	24780.000	0.035	24780.000	0.019
24840.000	0.081	24840.000	0.106	24840.000	0.072	24840.000	0.009	24840.000	0.051	24840.000	0.035	24840.000	0.019
24900.000	0.081	24900.000	0.106	24900.000	0.073	24900.000	0.009	24900.000	0.051	24900.000	0.035	24900.000	0.018
24960.000	0.082	24960.000	0.106	24960.000	0.073	24960.000	0.009	24960.000	0.051	24960.000	0.035	24960.000	0.019
25020.000	0.081	25020.000	0.106	25020.000	0.073	25020.000	0.010	25020.000	0.051	25020.000	0.036	25020.000	0.019
25080.000	0.082	25080.000	0.106	25080.000	0.073	25080.000	0.009	25080.000	0.051	25080.000	0.036	25080.000	0.019
25140.000	0.082	25140.000	0.106	25140.000	0.073	25140.000	0.009	25140.000	0.051	25140.000	0.036	25140.000	0.019
25200.000	0.082	25200.000	0.107	25200.000	0.073	25200.000	0.009	25200.000	0.051	25200.000	0.036	25200.000	0.019
25260.000	0.082	25260.000	0.107	25260.000	0.073	25260.000	0.010	25260.000	0.052	25260.000	0.036	25260.000	0.019
25320.000	0.082	25320.000	0.108	25320.000	0.073	25320.000	0.010	25320.000	0.052	25320.000	0.036	25320.000	0.019
25380.000	0.082	25380.000	0.107	25380.000	0.074	25380.000	0.010	25380.000	0.051	25380.000	0.036	25380.000	0.019
25440.000	0.083	25440.000	0.108	25440.000	0.073	25440.000	0.010	25440.000	0.052	25440.000	0.036	25440.000	0.019
25500.000	0.083	25500.000	0.108	25500.000	0.073	25500.000	0.010	25500.000	0.052	25500.000	0.036	25500.000	0.019
25560.000	0.083	25560.000	0.108	25560.000	0.074	25560.000	0.010	25560.000	0.052	25560.000	0.036	25560.000	0.019
25620.000	0.083	25620.000	0.108	25620.000	0.074	25620.000	0.010	25620.000	0.052	25620.000	0.036	25620.000	0.019
25680.000	0.083	25680.000	0.109	25680.000	0.074	25680.000	0.010	25680.000	0.052	25680.000	0.036	25680.000	0.019
25740.000	0.083	25740.000	0.108	25740.000	0.074	25740.000	0.010	25740.000	0.052	25740.000	0.036	25740.000	0.019
25800.000	0.083	25800.000	0.109	25800.000	0.074	25800.000	0.010	25800.000	0.052	25800.000	0.036	25800.000	0.019
25860.000	0.083	25860.000	0.109	25860.000	0.074	25860.000	0.010	25860.000	0.052	25860.000	0.036	25860.000	0.019
25920.000	0.084	25920.000	0.109	25920.000	0.075	25920.000	0.010	25920.000	0.052	25920.000	0.037	25920.000	0.019
25980.000	0.084	25980.000	0.109	25980.000	0.075	25980.000	0.010	25980.000	0.053	25980.000	0.036	25980.000	0.019
26040.000	0.084	26040.000	0.109	26040.000	0.075	26040.000	0.010	26040.000	0.053	26040.000	0.037	26040.000	0.019
26100.000	0.084	26100.000	0.110	26100.000	0.074	26100.000	0.010	26100.000	0.053	26100.000	0.037	26100.000	0.019
26160.000	0.084	26160.000	0.110	26160.000	0.075	26160.000	0.010	26160.000	0.053	26160.000	0.037	26160.000	0.020
26220.000	0.084	26220.000	0.110	26220.000	0.075	26220.000	0.010	26220.000	0.053	26220.000	0.037	26220.000	0.019
26280.000	0.085	26280.000	0.111	26280.000	0.075	26280.000	0.010	26280.000	0.053	26280.000	0.037	26280.000	0.019
26340.000	0.084	26340.000	0.110	26340.000	0.075	26340.000	0.010	26340.000	0.053	26340.000	0.037	26340.000	0.019
26400.000	0.085	26400.000	0.111	26400.000	0.075	26400.000	0.010	26400.000	0.053	26400.000	0.037	26400.000	0.019
26460.000	0.085	26460.000	0.111	26460.000	0.076	26460.000	0.010	26460.000	0.053	26460.000	0.037	26460.000	0.020
26520.000	0.085	26520.000	0.111	26520.000	0.076	26520.000	0.010	26520.000	0.053	26520.000	0.037	26520.000	0.019
26580.000	0.085	26580.000	0.111	26580.000	0.076	26580.000	0.010	26580.000	0.053	26580.000	0.037	26580.000	0.020
26640.000	0.085	26640.000	0.111	26640.000	0.076	26640.000	0.010	26640.000	0.053	26640.000	0.037	26640.000	0.019
26700.000	0.085	26700.000	0.112	26700.000	0.076	26700.000	0.010	26700.000	0.054	26700.000	0.037	26700.000	0.019
26760.000	0.085	26760.000	0.112	26760.000	0.076	26760.000	0.010	26760.000	0.054	26760.000	0.037	26760.000	0.020
26820.000	0.086	26820.000	0.112	26820.000	0.076	26820.000	0.010	26820.000	0.054	26820.000	0.037	26820.000	0.020
26880.000	0.086	26880.000	0.112	26880.000	0.076	26880.000	0.010	26880.000	0.054	26880.000	0.037	26880.000	0.020
26940.000	0.086	26940.000	0.113	26940.000	0.077	26940.000	0.011	26940.000	0.054	26940.000	0.038	26940.000	0.019
27000.000	0.086	27000.000	0.113	27000.000	0.076	27000.000	0.016	27000.000	0.054	27000.000	0.038	27000.000	0.020
27060.000	0.086	27060.000	0.113	27060.000	0.077	27060.000	0.016	27060.000	0.054	27060.000	0.038	27060.000	0.019
27120.000	0.086	27120.000	0.114	27120.000	0.077	27120.000	0.016	27120.000	0.054	27120.000	0.038	27120.000	0.020
27180.000	0.086	27180.000	0.111	27180.000	0.077	27180.000	0.017	27180.000	0.054	27180.000	0.038	27180.000	0.020
27240.000	0.087	27240.000	0.111	27240.000	0.077	27240.000	0.017	27240.000	0.054	27240.000	0.038	27240.000	0.020
27300.000	0.086	27300.000	0.111	27300.000	0.077	27300.000	0.017	27300.000	0.054	27300.000	0.038	27300.000	0.020
27360.000	0.087	27360.000	0.111	27360.000	0.077	27360.000	0.017	27360.000	0.055	27360.000	0.038	27360.000	0.020
27420.000	0.087	27420.000	0.112	27420.000	0.077	27420.000	0.016	27420.000	0.054	27420.000	0.038	27420.000	0.020
27480.000	0.087	27480.000	0.112	27480.000	0.078	27480.000	0.017	27480.000	0.055	27480.000	0.038	27480.000	0.020
27540.000	0.087	27540.000	0.112	27540.000	0.078	27540.000	0.017	27540.000	0.055	27540.000	0.038	27540.000	0.020
27600.000	0.087	27600.000	0.112	27600.000	0.078	27600.000	0.017	27600.000	0.055	27600.000	0.038	27600.000	0.020
27660.000	0.087	27660.000	0.112	27660.000	0.078	27660.000	0.017	27660.000	0.055	27660.000	0.038	27660.000	0.020
27720.000	0.088	27720.000	0.112	27720.000	0.078	27720.000	0.017	27720.000	0.055	27720.000	0.038	27720.000	0.020
27780.000	0.088	27780.000	0.113	27780.000	0.078	27780.000	0.017	27780.000	0.055	27780.000	0.038	27780.000	0.020
27840.000	0.088	27840.000	0.113	27840.000	0.078	27840.000	0.017	27840.000	0.055	27840.000	0.039	27840.000	0.020
27900.000	0.088	27900.000	0.113	27900.000	0.078	27900.000	0.017	27900.000	0.055	27900.000	0.038	27900.000	0.020
27960.000	0.088	27960.000	0.113	27960.000	0.078	27960.000	0.017	27960.000	0.055	27960.000	0.039	27960.000	0.020
28020.000	0.088	28020.000	0.113	28020.000	0.078	28020.000	0.017	28020.000	0.055	28020.000	0.039	28020.000	0.020
28080.000	0.088	28080.000	0.114	28080.000	0.079	28080.000	0.017	28080.000	0.056	28080.000	0.039	28080.000	0.020
28140.000	0.088	28140.000	0.114	28140.000	0.079	28140.000	0.017	28140.000	0.055	28140.000	0.039	28140.000	0.020
28200.000	0.089	28200.000	0.114	28200.000	0.078	28200.000	0.017	28200.000	0.056	28200.000	0.039	28200.000	0.020
28260.000	0.089	28260.000	0.114	28260.000	0.079	28260.000	0.017	28260.000	0.056	28260.000	0.039	28260.000	0.020
28320.000	0.089	28320.000	0.114	28320.000	0.079	28320.000	0.017	28320.000	0.056	28320.000	0.039	28320.000	0.020
28380.000	0.089	28380.000	0.115	28380.000	0.079	28380.000	0.018	28380.000	0.056	28380.000	0.039	28380.000	0.020
28440.000	0.089	28440.000	0.115	28440.000	0.079	28440.000	0.017	28440.000	0.056	28440.000	0.039	28440.000	0.020
28500.000	0.089	28500.000	0.115	28500.000	0.079	28500.000	0.018	28500.000	0.056	28500.000	0.039	28500.000	0.020
28560.000	0.090	28560.000	0.115	28560.000	0.080	28560.000	0.017	28560.000	0.056	28560.000	0.039	28560.000	0.020
28620.000	0.090	28620.000	0.115	28620.000	0.079	28620.000	0.017	28620.000	0.057	28620.000	0.040	28620.000	0.020
28680.000	0.090	28680.000	0.115	28680.000	0.079	28680.000	0.018	28680.000	0.056	28680.000	0.039	28680.000	0.020
28740.000	0.090	28740.000	0.116	28740.000	0.079	28740.000	0.018	28740.000	0.056	28740.000	0.039	28740.000	0.020
28800.000	0.090	28800.000	0.116	28800.000	0.080	28800.000	0.018	28800.000	0.056	28800.000	0.040	28800.000	0.020
													
													
													
