Batch	rate147.rre												
Evolution 600	161008												
Sample	Sample001	Sample	Sample002	Sample	Sample003	Sample	Sample004	Sample	Sample005	Sample	Sample006	Sample	Sample007
Data Mode	A	Data Mode	A	Data Mode	A	Data Mode	A	Data Mode	A	Data Mode	A	Data Mode	A
Smoothing	None	Smoothing	None	Smoothing	None	Smoothing	None	Smoothing	None	Smoothing	None	Smoothing	None
Date Collected	9/6/2010	Date Collected	9/6/2010	Date Collected	9/6/2010	Date Collected	9/6/2010	Date Collected	9/6/2010	Date Collected	9/6/2010	Date Collected	9/6/2010
Time Collected	7:46:38PM	Time Collected	7:46:45PM	Time Collected	7:46:52PM	Time Collected	10:06:08PM	Time Collected	7:47:07PM	Time Collected	7:47:14PM	Time Collected	7:47:22PM
ss.sss	Value	ss.sss	Value	ss.sss	Value	ss.sss	Value	ss.sss	Value	ss.sss	Value	ss.sss	Value
0.000	0.000	0.000	-0.012	0.000	0.025	0.000	-0.015	0.000	-0.019	0.000	0.002	0.000	-0.015
60.000	0.000	60.000	-0.012	60.000	0.025	60.000	-0.016	60.000	-0.019	60.000	0.002	60.000	-0.015
120.000	0.001	120.000	-0.011	120.000	0.025	120.000	-0.016	120.000	-0.019	120.000	0.003	120.000	-0.015
180.000	0.001	180.000	-0.012	180.000	0.024	180.000	-0.015	180.000	-0.019	180.000	0.003	180.000	-0.014
240.000	0.002	240.000	-0.012	240.000	0.024	240.000	-0.016	240.000	-0.018	240.000	0.003	240.000	-0.014
300.000	0.003	300.000	-0.011	300.000	0.024	300.000	-0.015	300.000	-0.018	300.000	0.003	300.000	-0.014
360.000	0.003	360.000	-0.011	360.000	0.024	360.000	-0.015	360.000	-0.018	360.000	0.004	360.000	-0.014
420.000	0.004	420.000	-0.011	420.000	0.024	420.000	-0.015	420.000	-0.018	420.000	0.004	420.000	-0.014
480.000	0.005	480.000	-0.011	480.000	0.024	480.000	-0.015	480.000	-0.017	480.000	0.004	480.000	-0.014
540.000	0.005	540.000	-0.010	540.000	0.025	540.000	-0.015	540.000	-0.017	540.000	0.004	540.000	-0.014
600.000	0.006	600.000	-0.009	600.000	0.024	600.000	-0.015	600.000	-0.018	600.000	0.004	600.000	-0.013
660.000	0.006	660.000	-0.009	660.000	0.025	660.000	-0.015	660.000	-0.017	660.000	0.005	660.000	-0.014
720.000	0.007	720.000	-0.009	720.000	0.024	720.000	-0.015	720.000	-0.017	720.000	0.005	720.000	-0.013
780.000	0.008	780.000	-0.009	780.000	0.024	780.000	-0.015	780.000	-0.016	780.000	0.005	780.000	-0.013
840.000	0.008	840.000	-0.008	840.000	0.024	840.000	-0.015	840.000	-0.016	840.000	0.005	840.000	-0.013
900.000	0.009	900.000	-0.008	900.000	0.025	900.000	-0.015	900.000	-0.016	900.000	0.006	900.000	-0.013
960.000	0.009	960.000	-0.007	960.000	0.025	960.000	-0.015	960.000	-0.016	960.000	0.006	960.000	-0.013
1020.000	0.009	1020.000	-0.007	1020.000	0.025	1020.000	-0.015	1020.000	-0.016	1020.000	0.006	1020.000	-0.013
1080.000	0.010	1080.000	-0.007	1080.000	0.025	1080.000	-0.014	1080.000	-0.015	1080.000	0.006	1080.000	-0.013
1140.000	0.010	1140.000	-0.006	1140.000	0.025	1140.000	-0.015	1140.000	-0.015	1140.000	0.006	1140.000	-0.013
1200.000	0.011	1200.000	-0.005	1200.000	0.025	1200.000	-0.015	1200.000	-0.015	1200.000	0.006	1200.000	-0.013
1260.000	0.011	1260.000	-0.005	1260.000	0.025	1260.000	-0.014	1260.000	-0.015	1260.000	0.007	1260.000	-0.013
1320.000	0.011	1320.000	-0.004	1320.000	0.025	1320.000	-0.014	1320.000	-0.015	1320.000	0.006	1320.000	-0.013
1380.000	0.012	1380.000	-0.004	1380.000	0.025	1380.000	-0.015	1380.000	-0.015	1380.000	0.007	1380.000	-0.013
1440.000	0.012	1440.000	-0.003	1440.000	0.025	1440.000	-0.014	1440.000	-0.015	1440.000	0.007	1440.000	-0.013
1500.000	0.012	1500.000	-0.002	1500.000	0.026	1500.000	-0.014	1500.000	-0.014	1500.000	0.007	1500.000	-0.012
1560.000	0.013	1560.000	-0.002	1560.000	0.026	1560.000	-0.014	1560.000	-0.014	1560.000	0.007	1560.000	-0.012
1620.000	0.013	1620.000	-0.001	1620.000	0.026	1620.000	-0.014	1620.000	-0.014	1620.000	0.007	1620.000	-0.012
1680.000	0.014	1680.000	-0.001	1680.000	0.026	1680.000	-0.014	1680.000	-0.014	1680.000	0.007	1680.000	-0.012
1740.000	0.014	1740.000	0.000	1740.000	0.026	1740.000	-0.014	1740.000	-0.014	1740.000	0.008	1740.000	-0.012
1800.000	0.014	1800.000	0.000	1800.000	0.026	1800.000	-0.014	1800.000	-0.013	1800.000	0.008	1800.000	-0.012
1860.000	0.015	1860.000	0.001	1860.000	0.027	1860.000	-0.014	1860.000	-0.014	1860.000	0.008	1860.000	-0.012
1920.000	0.015	1920.000	0.002	1920.000	0.027	1920.000	-0.014	1920.000	-0.013	1920.000	0.008	1920.000	-0.012
1980.000	0.016	1980.000	0.003	1980.000	0.027	1980.000	-0.014	1980.000	-0.013	1980.000	0.008	1980.000	-0.012
2040.000	0.015	2040.000	0.003	2040.000	0.027	2040.000	-0.014	2040.000	-0.013	2040.000	0.008	2040.000	-0.012
2100.000	0.016	2100.000	0.003	2100.000	0.027	2100.000	-0.014	2100.000	-0.013	2100.000	0.008	2100.000	-0.012
2160.000	0.016	2160.000	0.004	2160.000	0.028	2160.000	-0.014	2160.000	-0.012	2160.000	0.009	2160.000	-0.012
2220.000	0.016	2220.000	0.005	2220.000	0.028	2220.000	-0.014	2220.000	-0.012	2220.000	0.008	2220.000	-0.012
2280.000	0.017	2280.000	0.005	2280.000	0.027	2280.000	-0.014	2280.000	-0.012	2280.000	0.009	2280.000	-0.012
2340.000	0.017	2340.000	0.007	2340.000	0.028	2340.000	-0.013	2340.000	-0.012	2340.000	0.009	2340.000	-0.012
2400.000	0.017	2400.000	0.007	2400.000	0.028	2400.000	-0.013	2400.000	-0.012	2400.000	0.009	2400.000	-0.012
2460.000	0.018	2460.000	0.008	2460.000	0.028	2460.000	-0.013	2460.000	-0.011	2460.000	0.009	2460.000	-0.011
2520.000	0.018	2520.000	0.009	2520.000	0.028	2520.000	-0.013	2520.000	-0.011	2520.000	0.009	2520.000	-0.012
2580.000	0.018	2580.000	0.010	2580.000	0.028	2580.000	-0.013	2580.000	-0.012	2580.000	0.009	2580.000	-0.012
2640.000	0.019	2640.000	0.010	2640.000	0.028	2640.000	-0.013	2640.000	-0.011	2640.000	0.009	2640.000	-0.012
2700.000	0.019	2700.000	0.011	2700.000	0.028	2700.000	-0.013	2700.000	-0.011	2700.000	0.009	2700.000	-0.012
2760.000	0.019	2760.000	0.012	2760.000	0.029	2760.000	-0.013	2760.000	-0.011	2760.000	0.010	2760.000	-0.012
2820.000	0.019	2820.000	0.012	2820.000	0.029	2820.000	-0.013	2820.000	-0.011	2820.000	0.010	2820.000	-0.011
2880.000	0.020	2880.000	0.013	2880.000	0.029	2880.000	-0.013	2880.000	-0.011	2880.000	0.010	2880.000	-0.011
2940.000	0.020	2940.000	0.014	2940.000	0.029	2940.000	-0.013	2940.000	-0.010	2940.000	0.010	2940.000	-0.011
3000.000	0.021	3000.000	0.015	3000.000	0.029	3000.000	-0.013	3000.000	-0.010	3000.000	0.010	3000.000	-0.011
3060.000	0.021	3060.000	0.016	3060.000	0.029	3060.000	-0.013	3060.000	-0.010	3060.000	0.010	3060.000	-0.011
3120.000	0.021	3120.000	0.017	3120.000	0.029	3120.000	-0.013	3120.000	-0.010	3120.000	0.010	3120.000	-0.011
3180.000	0.021	3180.000	0.017	3180.000	0.030	3180.000	-0.013	3180.000	-0.010	3180.000	0.010	3180.000	-0.012
3240.000	0.021	3240.000	0.019	3240.000	0.030	3240.000	-0.013	3240.000	-0.010	3240.000	0.010	3240.000	-0.011
3300.000	0.022	3300.000	0.019	3300.000	0.030	3300.000	-0.013	3300.000	-0.009	3300.000	0.010	3300.000	-0.011
3360.000	0.022	3360.000	0.019	3360.000	0.030	3360.000	-0.013	3360.000	-0.009	3360.000	0.011	3360.000	-0.011
3420.000	0.022	3420.000	0.021	3420.000	0.031	3420.000	-0.013	3420.000	-0.009	3420.000	0.011	3420.000	-0.011
3480.000	0.023	3480.000	0.022	3480.000	0.031	3480.000	-0.013	3480.000	-0.009	3480.000	0.011	3480.000	-0.011
3540.000	0.023	3540.000	0.022	3540.000	0.031	3540.000	-0.013	3540.000	-0.009	3540.000	0.011	3540.000	-0.011
3600.000	0.023	3600.000	0.023	3600.000	0.031	3600.000	-0.013	3600.000	-0.009	3600.000	0.011	3600.000	-0.011
3660.000	0.024	3660.000	0.021	3660.000	0.031	3660.000	-0.013	3660.000	-0.009	3660.000	0.012	3660.000	-0.011
3720.000	0.024	3720.000	0.022	3720.000	0.031	3720.000	-0.013	3720.000	-0.008	3720.000	0.012	3720.000	-0.011
3780.000	0.024	3780.000	0.022	3780.000	0.031	3780.000	-0.012	3780.000	-0.009	3780.000	0.012	3780.000	-0.011
3840.000	0.024	3840.000	0.023	3840.000	0.031	3840.000	-0.013	3840.000	-0.008	3840.000	0.012	3840.000	-0.011
3900.000	0.025	3900.000	0.024	3900.000	0.031	3900.000	-0.012	3900.000	-0.008	3900.000	0.012	3900.000	-0.011
3960.000	0.025	3960.000	0.024	3960.000	0.032	3960.000	-0.012	3960.000	-0.008	3960.000	0.012	3960.000	-0.011
4020.000	0.025	4020.000	0.025	4020.000	0.031	4020.000	-0.012	4020.000	-0.008	4020.000	0.012	4020.000	-0.011
4080.000	0.026	4080.000	0.025	4080.000	0.032	4080.000	-0.013	4080.000	-0.008	4080.000	0.013	4080.000	-0.011
4140.000	0.026	4140.000	0.025	4140.000	0.032	4140.000	-0.013	4140.000	-0.007	4140.000	0.012	4140.000	-0.011
4200.000	0.026	4200.000	0.027	4200.000	0.032	4200.000	-0.012	4200.000	-0.007	4200.000	0.013	4200.000	-0.011
4260.000	0.026	4260.000	0.027	4260.000	0.033	4260.000	-0.012	4260.000	-0.007	4260.000	0.012	4260.000	-0.010
4320.000	0.027	4320.000	0.028	4320.000	0.032	4320.000	-0.012	4320.000	-0.007	4320.000	0.013	4320.000	-0.010
4380.000	0.027	4380.000	0.028	4380.000	0.032	4380.000	-0.012	4380.000	-0.007	4380.000	0.013	4380.000	-0.011
4440.000	0.027	4440.000	0.029	4440.000	0.032	4440.000	-0.012	4440.000	-0.007	4440.000	0.013	4440.000	-0.010
4500.000	0.028	4500.000	0.029	4500.000	0.032	4500.000	-0.012	4500.000	-0.007	4500.000	0.013	4500.000	-0.010
4560.000	0.028	4560.000	0.030	4560.000	0.032	4560.000	-0.012	4560.000	-0.007	4560.000	0.013	4560.000	-0.010
4620.000	0.028	4620.000	0.031	4620.000	0.032	4620.000	-0.012	4620.000	-0.006	4620.000	0.013	4620.000	-0.010
4680.000	0.028	4680.000	0.031	4680.000	0.033	4680.000	-0.012	4680.000	-0.006	4680.000	0.013	4680.000	-0.010
4740.000	0.028	4740.000	0.032	4740.000	0.033	4740.000	-0.012	4740.000	-0.006	4740.000	0.014	4740.000	-0.010
4800.000	0.029	4800.000	0.032	4800.000	0.033	4800.000	-0.012	4800.000	-0.006	4800.000	0.013	4800.000	-0.010
4860.000	0.029	4860.000	0.033	4860.000	0.033	4860.000	-0.012	4860.000	-0.006	4860.000	0.014	4860.000	-0.011
4920.000	0.029	4920.000	0.033	4920.000	0.033	4920.000	-0.012	4920.000	-0.006	4920.000	0.014	4920.000	-0.010
4980.000	0.029	4980.000	0.034	4980.000	0.033	4980.000	-0.012	4980.000	-0.006	4980.000	0.014	4980.000	-0.010
5040.000	0.030	5040.000	0.034	5040.000	0.033	5040.000	-0.012	5040.000	-0.006	5040.000	0.014	5040.000	-0.010
5100.000	0.030	5100.000	0.034	5100.000	0.033	5100.000	-0.012	5100.000	-0.005	5100.000	0.014	5100.000	-0.010
5160.000	0.031	5160.000	0.035	5160.000	0.034	5160.000	-0.012	5160.000	-0.005	5160.000	0.014	5160.000	-0.010
5220.000	0.031	5220.000	0.035	5220.000	0.033	5220.000	-0.012	5220.000	-0.005	5220.000	0.014	5220.000	-0.010
5280.000	0.031	5280.000	0.036	5280.000	0.034	5280.000	-0.011	5280.000	-0.005	5280.000	0.014	5280.000	-0.010
5340.000	0.031	5340.000	0.036	5340.000	0.034	5340.000	-0.011	5340.000	-0.005	5340.000	0.014	5340.000	-0.010
5400.000	0.031	5400.000	0.037	5400.000	0.034	5400.000	-0.012	5400.000	-0.004	5400.000	0.014	5400.000	-0.010
5460.000	0.031	5460.000	0.037	5460.000	0.034	5460.000	-0.012	5460.000	-0.005	5460.000	0.014	5460.000	-0.010
5520.000	0.032	5520.000	0.038	5520.000	0.034	5520.000	-0.011	5520.000	-0.004	5520.000	0.015	5520.000	-0.010
5580.000	0.032	5580.000	0.038	5580.000	0.034	5580.000	-0.012	5580.000	-0.004	5580.000	0.015	5580.000	-0.010
5640.000	0.032	5640.000	0.038	5640.000	0.034	5640.000	-0.011	5640.000	-0.004	5640.000	0.015	5640.000	-0.010
5700.000	0.033	5700.000	0.039	5700.000	0.034	5700.000	-0.011	5700.000	-0.004	5700.000	0.015	5700.000	-0.010
5760.000	0.033	5760.000	0.039	5760.000	0.034	5760.000	-0.011	5760.000	-0.004	5760.000	0.015	5760.000	-0.010
5820.000	0.033	5820.000	0.040	5820.000	0.034	5820.000	-0.011	5820.000	-0.004	5820.000	0.015	5820.000	-0.009
5880.000	0.033	5880.000	0.040	5880.000	0.034	5880.000	-0.011	5880.000	-0.004	5880.000	0.015	5880.000	-0.010
5940.000	0.034	5940.000	0.040	5940.000	0.034	5940.000	-0.011	5940.000	-0.004	5940.000	0.015	5940.000	-0.009
6000.000	0.034	6000.000	0.041	6000.000	0.034	6000.000	-0.011	6000.000	-0.003	6000.000	0.015	6000.000	-0.009
6060.000	0.034	6060.000	0.042	6060.000	0.034	6060.000	-0.011	6060.000	-0.003	6060.000	0.015	6060.000	-0.010
6120.000	0.034	6120.000	0.042	6120.000	0.034	6120.000	-0.011	6120.000	-0.003	6120.000	0.016	6120.000	-0.009
6180.000	0.035	6180.000	0.042	6180.000	0.034	6180.000	-0.011	6180.000	-0.003	6180.000	0.016	6180.000	-0.010
6240.000	0.035	6240.000	0.043	6240.000	0.034	6240.000	-0.011	6240.000	-0.003	6240.000	0.016	6240.000	-0.009
6300.000	0.035	6300.000	0.042	6300.000	0.035	6300.000	-0.011	6300.000	-0.003	6300.000	0.016	6300.000	-0.009
6360.000	0.035	6360.000	0.043	6360.000	0.035	6360.000	-0.011	6360.000	-0.002	6360.000	0.016	6360.000	-0.009
6420.000	0.036	6420.000	0.043	6420.000	0.035	6420.000	-0.011	6420.000	-0.003	6420.000	0.016	6420.000	-0.009
6480.000	0.036	6480.000	0.043	6480.000	0.034	6480.000	-0.011	6480.000	-0.002	6480.000	0.016	6480.000	-0.009
6540.000	0.036	6540.000	0.044	6540.000	0.035	6540.000	-0.011	6540.000	-0.002	6540.000	0.016	6540.000	-0.009
6600.000	0.037	6600.000	0.044	6600.000	0.035	6600.000	-0.011	6600.000	-0.002	6600.000	0.017	6600.000	-0.009
6660.000	0.037	6660.000	0.045	6660.000	0.035	6660.000	-0.011	6660.000	-0.002	6660.000	0.017	6660.000	-0.009
6720.000	0.037	6720.000	0.045	6720.000	0.035	6720.000	-0.011	6720.000	-0.002	6720.000	0.017	6720.000	-0.009
6780.000	0.037	6780.000	0.045	6780.000	0.036	6780.000	-0.011	6780.000	-0.002	6780.000	0.017	6780.000	-0.009
6840.000	0.038	6840.000	0.045	6840.000	0.035	6840.000	-0.011	6840.000	-0.002	6840.000	0.017	6840.000	-0.009
6900.000	0.038	6900.000	0.046	6900.000	0.035	6900.000	-0.011	6900.000	-0.001	6900.000	0.017	6900.000	-0.009
6960.000	0.038	6960.000	0.046	6960.000	0.035	6960.000	-0.011	6960.000	-0.001	6960.000	0.017	6960.000	-0.009
7020.000	0.038	7020.000	0.046	7020.000	0.036	7020.000	-0.011	7020.000	-0.001	7020.000	0.017	7020.000	-0.009
7080.000	0.039	7080.000	0.047	7080.000	0.035	7080.000	-0.011	7080.000	-0.001	7080.000	0.017	7080.000	-0.009
7140.000	0.039	7140.000	0.046	7140.000	0.036	7140.000	-0.011	7140.000	-0.001	7140.000	0.017	7140.000	-0.009
7200.000	0.039	7200.000	0.047	7200.000	0.036	7200.000	-0.011	7200.000	-0.001	7200.000	0.017	7200.000	-0.009
7260.000	0.039	7260.000	0.048	7260.000	0.036	7260.000	-0.010	7260.000	-0.001	7260.000	0.018	7260.000	-0.009
7320.000	0.040	7320.000	0.048	7320.000	0.036	7320.000	-0.011	7320.000	-0.001	7320.000	0.018	7320.000	-0.009
7380.000	0.040	7380.000	0.048	7380.000	0.036	7380.000	-0.010	7380.000	0.000	7380.000	0.018	7380.000	-0.009
7440.000	0.040	7440.000	0.048	7440.000	0.036	7440.000	-0.011	7440.000	0.000	7440.000	0.018	7440.000	-0.009
7500.000	0.040	7500.000	0.048	7500.000	0.036	7500.000	-0.011	7500.000	0.000	7500.000	0.018	7500.000	-0.009
7560.000	0.040	7560.000	0.049	7560.000	0.036	7560.000	-0.010	7560.000	0.000	7560.000	0.018	7560.000	-0.009
7620.000	0.041	7620.000	0.048	7620.000	0.037	7620.000	-0.011	7620.000	0.000	7620.000	0.018	7620.000	-0.009
7680.000	0.041	7680.000	0.049	7680.000	0.036	7680.000	-0.011	7680.000	0.000	7680.000	0.018	7680.000	-0.009
7740.000	0.041	7740.000	0.049	7740.000	0.036	7740.000	-0.010	7740.000	0.000	7740.000	0.018	7740.000	-0.009
7800.000	0.042	7800.000	0.049	7800.000	0.037	7800.000	-0.010	7800.000	0.000	7800.000	0.018	7800.000	-0.009
7860.000	0.042	7860.000	0.050	7860.000	0.037	7860.000	-0.010	7860.000	0.001	7860.000	0.018	7860.000	-0.008
7920.000	0.042	7920.000	0.043	7920.000	0.037	7920.000	-0.010	7920.000	0.001	7920.000	0.019	7920.000	-0.008
7980.000	0.043	7980.000	0.042	7980.000	0.037	7980.000	-0.010	7980.000	0.001	7980.000	0.019	7980.000	-0.008
8040.000	0.043	8040.000	0.043	8040.000	0.037	8040.000	-0.010	8040.000	0.001	8040.000	0.019	8040.000	-0.008
8100.000	0.043	8100.000	0.043	8100.000	0.037	8100.000	-0.010	8100.000	0.001	8100.000	0.019	8100.000	-0.008
8160.000	0.043	8160.000	0.043	8160.000	0.037	8160.000	-0.010	8160.000	0.001	8160.000	0.019	8160.000	-0.008
8220.000	0.043	8220.000	0.044	8220.000	0.037	8220.000	-0.010	8220.000	0.001	8220.000	0.019	8220.000	-0.008
8280.000	0.044	8280.000	0.044	8280.000	0.037	8280.000	-0.010	8280.000	0.001	8280.000	0.019	8280.000	-0.008
8340.000	0.044	8340.000	0.044	8340.000	0.037	8340.000	-0.010						
													
													
													
