Batch	mads_t023.rre						
Evolution 600	161008						
Sample	Sample001	Sample	Sample002	Sample	sample003	Sample	Sample004
Data Mode	A	Data Mode	A	Data Mode	A	Data Mode	A
Smoothing	None	Smoothing	None	Smoothing	None	Smoothing	None
Date Collected	4/21/2010	Date Collected	4/21/2010	Date Collected	4/21/2010	Date Collected	4/21/2010
Time Collected	12:55:39PM	Time Collected	12:55:46PM	Time Collected	12:55:53PM	Time Collected	3:25:45PM
							
Substrate Conc.	2.0627 mmol/l	Substrate Conc.	4.1254 mmol/l	Substrate Conc.	6.1880 mmol/l	Substrate Conc.	8.2507 mmol/l
ss.sss	Value	ss.sss	Value	ss.sss	Value	ss.sss	Value
0.000	0.001	0.000	0.019	0.000	0.013	0.000	-0.001
49.000	0.005	49.000	0.023	49.000	0.017	49.000	0.001
98.000	0.010	98.000	0.028	98.000	0.021	98.000	0.004
147.000	0.014	147.000	0.033	147.000	0.025	147.000	0.007
196.000	0.017	196.000	0.037	196.000	0.029	196.000	0.011
245.000	0.022	245.000	0.041	245.000	0.034	245.000	0.014
294.000	0.025	294.000	0.045	294.000	0.037	294.000	0.017
343.000	0.029	343.000	0.050	343.000	0.042	343.000	0.020
392.000	0.032	392.000	0.053	392.000	0.045	392.000	0.023
441.000	0.036	441.000	0.058	441.000	0.049	441.000	0.026
490.000	0.040	490.000	0.061	490.000	0.053	490.000	0.030
539.000	0.044	539.000	0.065	539.000	0.057	539.000	0.033
588.000	0.047	588.000	0.069	588.000	0.061	588.000	0.035
637.000	0.051	637.000	0.073	637.000	0.064	637.000	0.038
686.000	0.054	686.000	0.077	686.000	0.067	686.000	0.041
735.000	0.058	735.000	0.080	735.000	0.071	735.000	0.044
784.000	0.060	784.000	0.084	784.000	0.074	784.000	0.047
833.000	0.063	833.000	0.087	833.000	0.077	833.000	0.049
882.000	0.067	882.000	0.090	882.000	0.081	882.000	0.053
931.000	0.070	931.000	0.094	931.000	0.084	931.000	0.055
980.000	0.072	980.000	0.097	980.000	0.088	980.000	0.059
1029.000	0.075	1029.000	0.100	1029.000	0.091	1029.000	0.061
1078.000	0.078	1078.000	0.103	1078.000	0.094	1078.000	0.064
1127.000	0.080	1127.000	0.107	1127.000	0.097	1127.000	0.066
1176.000	0.083	1176.000	0.109	1176.000	0.100	1176.000	0.068
1225.000	0.085	1225.000	0.112	1225.000	0.103	1225.000	0.071
1274.000	0.088	1274.000	0.115	1274.000	0.106	1274.000	0.075
1323.000	0.090	1323.000	0.117	1323.000	0.109	1323.000	0.077
1372.000	0.093	1372.000	0.121	1372.000	0.112	1372.000	0.079
1421.000	0.096	1421.000	0.124	1421.000	0.115	1421.000	0.081
1470.000	0.098	1470.000	0.127	1470.000	0.117	1470.000	0.084
1519.000	0.100	1519.000	0.130	1519.000	0.120	1519.000	0.087
1568.000	0.102	1568.000	0.132	1568.000	0.123	1568.000	0.089
1617.000	0.104	1617.000	0.134	1617.000	0.126	1617.000	0.092
1666.000	0.107	1666.000	0.138	1666.000	0.128	1666.000	0.094
1715.000	0.109	1715.000	0.141	1715.000	0.132	1715.000	0.096
1764.000	0.112	1764.000	0.143	1764.000	0.135	1764.000	0.098
1813.000	0.114	1813.000	0.145	1813.000	0.137	1813.000	0.101
1862.000	0.116	1862.000	0.148	1862.000	0.140	1862.000	0.103
1911.000	0.118	1911.000	0.150	1911.000	0.142	1911.000	0.105
1960.000	0.121	1960.000	0.153	1960.000	0.145	1960.000	0.108
2009.000	0.123	2009.000	0.156	2009.000	0.147	2009.000	0.110
2058.000	0.124	2058.000	0.158	2058.000	0.150	2058.000	0.112
2107.000	0.127	2107.000	0.160	2107.000	0.152	2107.000	0.115
2156.000	0.129	2156.000	0.164	2156.000	0.154	2156.000	0.117
2205.000	0.130	2205.000	0.165	2205.000	0.157	2205.000	0.120
2254.000	0.133	2254.000	0.168	2254.000	0.159	2254.000	0.121
2303.000	0.134	2303.000	0.170	2303.000	0.163	2303.000	0.124
2352.000	0.136	2352.000	0.173	2352.000	0.165	2352.000	0.126
2401.000	0.138	2401.000	0.175	2401.000	0.167	2401.000	0.129
2450.000	0.140	2450.000	0.177	2450.000	0.170	2450.000	0.130
2499.000	0.141	2499.000	0.180	2499.000	0.172	2499.000	0.132
2548.000	0.143	2548.000	0.181	2548.000	0.174	2548.000	0.134
2597.000	0.145	2597.000	0.183	2597.000	0.176	2597.000	0.136
2646.000	0.147	2646.000	0.186	2646.000	0.178	2646.000	0.139
2695.000	0.149	2695.000	0.188	2695.000	0.180	2695.000	0.141
2744.000	0.150	2744.000	0.190	2744.000	0.183	2744.000	0.143
2793.000	0.152	2793.000	0.192	2793.000	0.186	2793.000	0.145
2842.000	0.154	2842.000	0.194	2842.000	0.188	2842.000	0.148
2891.000	0.155	2891.000	0.197	2891.000	0.190	2891.000	0.149
2940.000	0.158	2940.000	0.199	2940.000	0.192	2940.000	0.151
2989.000	0.159	2989.000	0.200	2989.000	0.195	2989.000	0.153
3038.000	0.161	3038.000	0.203	3038.000	0.197	3038.000	0.155
3087.000	0.162	3087.000	0.205	3087.000	0.199	3087.000	0.157
3136.000	0.165	3136.000	0.207	3136.000	0.201	3136.000	0.158
3185.000	0.166	3185.000	0.209	3185.000	0.203	3185.000	0.161
3234.000	0.167	3234.000	0.211	3234.000	0.205	3234.000	0.163
3283.000	0.170	3283.000	0.213	3283.000	0.207	3283.000	0.164
3332.000	0.171	3332.000	0.215	3332.000	0.209	3332.000	0.167
3381.000	0.172	3381.000	0.217	3381.000	0.212	3381.000	0.168
3430.000	0.175	3430.000	0.220	3430.000	0.214	3430.000	0.171
3479.000	0.176	3479.000	0.221	3479.000	0.215	3479.000	0.173
3528.000	0.176	3528.000	0.223	3528.000	0.218	3528.000	0.174
3577.000	0.179	3577.000	0.226	3577.000	0.220	3577.000	0.177
3626.000	0.181	3626.000	0.227	3626.000	0.222	3626.000	0.178
3675.000	0.182	3675.000	0.229	3675.000	0.224	3675.000	0.180
3724.000	0.183	3724.000	0.231	3724.000	0.226	3724.000	0.182
3773.000	0.184	3773.000	0.233	3773.000	0.227	3773.000	0.184
3822.000	0.186	3822.000	0.235	3822.000	0.230	3822.000	0.185
3871.000	0.188	3871.000	0.236	3871.000	0.232	3871.000	0.187
3920.000	0.189	3920.000	0.238	3920.000	0.233	3920.000	0.188
3969.000	0.190	3969.000	0.240	3969.000	0.236	3969.000	0.191
4018.000	0.192	4018.000	0.242	4018.000	0.237	4018.000	0.193
4067.000	0.194	4067.000	0.243	4067.000	0.239	4067.000	0.195
4116.000	0.195	4116.000	0.245	4116.000	0.241	4116.000	0.196
4165.000	0.196	4165.000	0.248	4165.000	0.243	4165.000	0.198
4214.000	0.196	4214.000	0.248	4214.000	0.245	4214.000	0.200
4263.000	0.198	4263.000	0.251	4263.000	0.247	4263.000	0.202
4312.000	0.200	4312.000	0.253	4312.000	0.249	4312.000	0.204
4361.000	0.201	4361.000	0.254	4361.000	0.251	4361.000	0.205
4410.000	0.202	4410.000	0.256	4410.000	0.252	4410.000	0.207
4459.000	0.204	4459.000	0.258	4459.000	0.253	4459.000	0.209
4508.000	0.205	4508.000	0.259	4508.000	0.256	4508.000	0.211
4557.000	0.207	4557.000	0.261	4557.000	0.258	4557.000	0.212
4606.000	0.208	4606.000	0.263	4606.000	0.260	4606.000	0.214
4655.000	0.208	4655.000	0.264	4655.000	0.261	4655.000	0.214
4704.000	0.210	4704.000	0.266	4704.000	0.263	4704.000	0.217
4753.000	0.212	4753.000	0.268	4753.000	0.265	4753.000	0.220
4802.000	0.213	4802.000	0.270	4802.000	0.267	4802.000	0.221
4851.000	0.214	4851.000	0.270	4851.000	0.269	4851.000	0.223
4900.000	0.215	4900.000	0.272	4900.000	0.270	4900.000	0.224
4949.000	0.217	4949.000	0.274	4949.000	0.272	4949.000	0.226
4998.000	0.218	4998.000	0.276	4998.000	0.274	4998.000	0.226
5047.000	0.219	5047.000	0.278	5047.000	0.275	5047.000	0.229
5096.000	0.220	5096.000	0.280	5096.000	0.278	5096.000	0.230
5145.000	0.222	5145.000	0.281	5145.000	0.279	5145.000	0.231
5194.000	0.222	5194.000	0.283	5194.000	0.280	5194.000	0.233
5243.000	0.224	5243.000	0.284	5243.000	0.282	5243.000	0.235
5292.000	0.225	5292.000	0.286	5292.000	0.283	5292.000	0.238
5341.000	0.227	5341.000	0.288	5341.000	0.285	5341.000	0.239
5390.000	0.228	5390.000	0.289	5390.000	0.288	5390.000	0.240
5439.000	0.229	5439.000	0.290	5439.000	0.289	5439.000	0.242
5488.000	0.230	5488.000	0.292	5488.000	0.289	5488.000	0.243
5537.000	0.231	5537.000	0.293	5537.000	0.292	5537.000	0.245
5586.000	0.232	5586.000	0.295	5586.000	0.294	5586.000	0.246
5635.000	0.234	5635.000	0.297	5635.000	0.295	5635.000	0.248
5684.000	0.234	5684.000	0.298	5684.000	0.297	5684.000	0.250
5733.000	0.236	5733.000	0.300	5733.000	0.298	5733.000	0.250
5782.000	0.237	5782.000	0.302	5782.000	0.300	5782.000	0.253
5831.000	0.238	5831.000	0.302	5831.000	0.301	5831.000	0.254
5880.000	0.239	5880.000	0.305	5880.000	0.303	5880.000	0.256
5929.000	0.240	5929.000	0.306	5929.000	0.305	5929.000	0.257
5978.000	0.241	5978.000	0.306	5978.000	0.307	5978.000	0.259
6027.000	0.243	6027.000	0.308	6027.000	0.307	6027.000	0.261
6076.000	0.245	6076.000	0.310	6076.000	0.309	6076.000	0.261
6125.000	0.245	6125.000	0.311	6125.000	0.311	6125.000	0.263
6174.000	0.246	6174.000	0.313	6174.000	0.313	6174.000	0.265
6223.000	0.248	6223.000	0.315	6223.000	0.314	6223.000	0.266
6272.000	0.248	6272.000	0.316	6272.000	0.316	6272.000	0.268
6321.000	0.250	6321.000	0.317	6321.000	0.317	6321.000	0.268
6370.000	0.251	6370.000	0.318	6370.000	0.320	6370.000	0.271
6419.000	0.252	6419.000	0.320	6419.000	0.321	6419.000	0.272
6468.000	0.253	6468.000	0.320	6468.000	0.322	6468.000	0.273
6517.000	0.254	6517.000	0.323	6517.000	0.323	6517.000	0.275
6566.000	0.255	6566.000	0.324	6566.000	0.325	6566.000	0.277
6615.000	0.255	6615.000	0.325	6615.000	0.326	6615.000	0.278
6664.000	0.256	6664.000	0.326	6664.000	0.328	6664.000	0.279
6713.000	0.258	6713.000	0.328	6713.000	0.329	6713.000	0.280
6762.000	0.259	6762.000	0.329	6762.000	0.330	6762.000	0.282
6811.000	0.260	6811.000	0.331	6811.000	0.332	6811.000	0.284
6860.000	0.261	6860.000	0.332	6860.000	0.333	6860.000	0.285
6909.000	0.262	6909.000	0.333	6909.000	0.335	6909.000	0.286
6958.000	0.263	6958.000	0.335	6958.000	0.336	6958.000	0.288
7007.000	0.263	7007.000	0.336	7007.000	0.338	7007.000	0.290
7056.000	0.264	7056.000	0.338	7056.000	0.339	7056.000	0.291
7105.000	0.266	7105.000	0.338	7105.000	0.341	7105.000	0.292
7154.000	0.267	7154.000	0.341	7154.000	0.342	7154.000	0.293
7203.000	0.268	7203.000	0.341	7203.000	0.344	7203.000	0.294
7252.000	0.268	7252.000	0.343	7252.000	0.345	7252.000	0.296
7301.000	0.269	7301.000	0.344	7301.000	0.347	7301.000	0.297
7350.000	0.270	7350.000	0.345	7350.000	0.348	7350.000	0.299
7399.000	0.271	7399.000	0.347	7399.000	0.349	7399.000	0.300
7448.000	0.273	7448.000	0.348	7448.000	0.350	7448.000	0.302
7497.000	0.274	7497.000	0.349	7497.000	0.353	7497.000	0.302
7546.000	0.275	7546.000	0.350	7546.000	0.353	7546.000	0.304
7595.000	0.275	7595.000	0.352	7595.000	0.355	7595.000	0.306
7644.000	0.276	7644.000	0.353	7644.000	0.356	7644.000	0.307
7693.000	0.277	7693.000	0.355	7693.000	0.357	7693.000	0.309
7742.000	0.278	7742.000	0.356	7742.000	0.359	7742.000	0.310
7791.000	0.279	7791.000	0.357	7791.000	0.360	7791.000	0.310
7840.000	0.280	7840.000	0.357	7840.000	0.362	7840.000	0.312
7889.000	0.280	7889.000	0.359	7889.000	0.362	7889.000	0.313
7938.000	0.281	7938.000	0.361	7938.000	0.364	7938.000	0.315
7987.000	0.283	7987.000	0.362	7987.000	0.365	7987.000	0.316
8036.000	0.283	8036.000	0.363	8036.000	0.367	8036.000	0.318
8085.000	0.284	8085.000	0.364	8085.000	0.368	8085.000	0.318
8134.000	0.286	8134.000	0.365	8134.000	0.369	8134.000	0.320
8183.000	0.286	8183.000	0.367	8183.000	0.370	8183.000	0.321
8232.000	0.286	8232.000	0.368	8232.000	0.372	8232.000	0.323
8281.000	0.289	8281.000	0.369	8281.000	0.373	8281.000	0.324
8330.000	0.289	8330.000	0.370	8330.000	0.375	8330.000	0.325
8379.000	0.290	8379.000	0.371	8379.000	0.375	8379.000	0.326
8428.000	0.291	8428.000	0.372	8428.000	0.376	8428.000	0.328
8477.000	0.292	8477.000	0.374	8477.000	0.378	8477.000	0.329
8526.000	0.292	8526.000	0.375	8526.000	0.379	8526.000	0.330
8575.000	0.294	8575.000	0.376	8575.000	0.380	8575.000	0.331
8624.000	0.294	8624.000	0.377	8624.000	0.381	8624.000	0.333
8673.000	0.295	8673.000	0.378	8673.000	0.383	8673.000	0.334
8722.000	0.295	8722.000	0.380	8722.000	0.384	8722.000	0.335
8771.000	0.297	8771.000	0.380	8771.000	0.385	8771.000	0.337
8820.000	0.297	8820.000	0.381	8820.000	0.387	8820.000	0.337
8869.000	0.299	8869.000	0.383	8869.000	0.388	8869.000	0.338
8918.000	0.299	8918.000	0.384	8918.000	0.389	8918.000	0.340
8967.000	0.299	8967.000	0.385	8967.000	0.391	8967.000	0.341
							
							
							
