Batch	mads_t003.rre												
Evolution 600	161008												
Sample	Sample001	Sample	Sample002	Sample	Sample003	Sample	Sample004	Sample	Sample005	Sample	Sample006	Sample	Sample007
Data Mode	A	Data Mode	A	Data Mode	A	Data Mode	A	Data Mode	A	Data Mode	A	Data Mode	A
Smoothing	None	Smoothing	None	Smoothing	None	Smoothing	None	Smoothing	None	Smoothing	None	Smoothing	None
Date Collected	4/8/2010	Date Collected	4/8/2010	Date Collected	4/8/2010	Date Collected	4/8/2010	Date Collected	4/8/2010	Date Collected	4/8/2010	Date Collected	4/8/2010
Time Collected	1:56:29PM	Time Collected	1:56:34PM	Time Collected	1:56:41PM	Time Collected	1:56:47PM	Time Collected	1:56:53PM	Time Collected	1:57:00PM	Time Collected	5:01:55PM
ss.sss	Value	ss.sss	Value	ss.sss	Value	ss.sss	Value	ss.sss	Value	ss.sss	Value	ss.sss	Value
0.000	0.000	0.000	0.014	0.000	0.033	0.000	0.050	0.000	0.061	0.000	0.078	0.000	0.102
49.000	0.001	49.000	0.012	49.000	0.032	49.000	0.050	49.000	0.061	49.000	0.079	49.000	0.101
98.000	0.001	98.000	0.013	98.000	0.032	98.000	0.050	98.000	0.062	98.000	0.078	98.000	0.101
147.000	0.001	147.000	0.013	147.000	0.032	147.000	0.051	147.000	0.062	147.000	0.078	147.000	0.102
196.000	0.001	196.000	0.013	196.000	0.033	196.000	0.051	196.000	0.062	196.000	0.079	196.000	0.102
245.000	0.000	245.000	0.013	245.000	0.032	245.000	0.051	245.000	0.062	245.000	0.079	245.000	0.102
294.000	0.000	294.000	0.014	294.000	0.032	294.000	0.050	294.000	0.062	294.000	0.079	294.000	0.101
343.000	0.001	343.000	0.013	343.000	0.032	343.000	0.051	343.000	0.062	343.000	0.078	343.000	0.102
392.000	0.001	392.000	0.014	392.000	0.032	392.000	0.051	392.000	0.062	392.000	0.079	392.000	0.102
441.000	0.001	441.000	0.013	441.000	0.033	441.000	0.051	441.000	0.062	441.000	0.078	441.000	0.102
490.000	0.001	490.000	0.013	490.000	0.031	490.000	0.050	490.000	0.062	490.000	0.078	490.000	0.102
539.000	0.002	539.000	0.013	539.000	0.032	539.000	0.050	539.000	0.062	539.000	0.079	539.000	0.102
588.000	0.002	588.000	0.013	588.000	0.032	588.000	0.051	588.000	0.062	588.000	0.078	588.000	0.102
637.000	0.002	637.000	0.014	637.000	0.031	637.000	0.050	637.000	0.062	637.000	0.079	637.000	0.102
686.000	0.002	686.000	0.013	686.000	0.032	686.000	0.051	686.000	0.062	686.000	0.079	686.000	0.101
735.000	0.001	735.000	0.013	735.000	0.032	735.000	0.052	735.000	0.062	735.000	0.079	735.000	0.102
784.000	0.002	784.000	0.014	784.000	0.032	784.000	0.051	784.000	0.063	784.000	0.079	784.000	0.101
833.000	0.002	833.000	0.014	833.000	0.032	833.000	0.051	833.000	0.062	833.000	0.079	833.000	0.102
882.000	0.002	882.000	0.014	882.000	0.033	882.000	0.051	882.000	0.062	882.000	0.079	882.000	0.102
931.000	0.002	931.000	0.014	931.000	0.032	931.000	0.051	931.000	0.062	931.000	0.079	931.000	0.102
980.000	0.002	980.000	0.014	980.000	0.033	980.000	0.051	980.000	0.063	980.000	0.079	980.000	0.102
1029.000	0.002	1029.000	0.014	1029.000	0.032	1029.000	0.052	1029.000	0.062	1029.000	0.079	1029.000	0.101
1078.000	0.002	1078.000	0.014	1078.000	0.032	1078.000	0.051	1078.000	0.062	1078.000	0.079	1078.000	0.102
1127.000	0.002	1127.000	0.014	1127.000	0.032	1127.000	0.051	1127.000	0.062	1127.000	0.078	1127.000	0.102
1176.000	0.002	1176.000	0.014	1176.000	0.033	1176.000	0.051	1176.000	0.063	1176.000	0.079	1176.000	0.102
1225.000	0.002	1225.000	0.014	1225.000	0.033	1225.000	0.051	1225.000	0.062	1225.000	0.079	1225.000	0.102
1274.000	0.002	1274.000	0.014	1274.000	0.033	1274.000	0.052	1274.000	0.063	1274.000	0.079	1274.000	0.102
1323.000	0.002	1323.000	0.014	1323.000	0.033	1323.000	0.052	1323.000	0.063	1323.000	0.079	1323.000	0.102
1372.000	0.002	1372.000	0.014	1372.000	0.033	1372.000	0.051	1372.000	0.062	1372.000	0.080	1372.000	0.102
1421.000	0.002	1421.000	0.015	1421.000	0.033	1421.000	0.052	1421.000	0.062	1421.000	0.079	1421.000	0.103
1470.000	0.002	1470.000	0.015	1470.000	0.033	1470.000	0.052	1470.000	0.062	1470.000	0.079	1470.000	0.102
1519.000	0.003	1519.000	0.014	1519.000	0.033	1519.000	0.052	1519.000	0.063	1519.000	0.080	1519.000	0.102
1568.000	0.003	1568.000	0.015	1568.000	0.032	1568.000	0.052	1568.000	0.063	1568.000	0.079	1568.000	0.102
1617.000	0.002	1617.000	0.014	1617.000	0.033	1617.000	0.052	1617.000	0.063	1617.000	0.079	1617.000	0.102
1666.000	0.003	1666.000	0.014	1666.000	0.033	1666.000	0.052	1666.000	0.062	1666.000	0.079	1666.000	0.102
1715.000	0.003	1715.000	0.015	1715.000	0.033	1715.000	0.052	1715.000	0.063	1715.000	0.079	1715.000	0.102
1764.000	0.003	1764.000	0.015	1764.000	0.033	1764.000	0.053	1764.000	0.063	1764.000	0.080	1764.000	0.102
1813.000	0.003	1813.000	0.015	1813.000	0.033	1813.000	0.052	1813.000	0.063	1813.000	0.080	1813.000	0.102
1862.000	0.003	1862.000	0.015	1862.000	0.033	1862.000	0.053	1862.000	0.062	1862.000	0.079	1862.000	0.102
1911.000	0.003	1911.000	0.015	1911.000	0.034	1911.000	0.052	1911.000	0.063	1911.000	0.080	1911.000	0.103
1960.000	0.003	1960.000	0.016	1960.000	0.033	1960.000	0.052	1960.000	0.063	1960.000	0.079	1960.000	0.102
2009.000	0.003	2009.000	0.015	2009.000	0.033	2009.000	0.052	2009.000	0.063	2009.000	0.080	2009.000	0.103
2058.000	0.003	2058.000	0.016	2058.000	0.033	2058.000	0.052	2058.000	0.063	2058.000	0.079	2058.000	0.102
2107.000	0.003	2107.000	0.015	2107.000	0.034	2107.000	0.053	2107.000	0.062	2107.000	0.080	2107.000	0.103
2156.000	0.003	2156.000	0.015	2156.000	0.033	2156.000	0.053	2156.000	0.063	2156.000	0.080	2156.000	0.102
2205.000	0.003	2205.000	0.015	2205.000	0.033	2205.000	0.053	2205.000	0.063	2205.000	0.079	2205.000	0.102
2254.000	0.003	2254.000	0.015	2254.000	0.033	2254.000	0.053	2254.000	0.063	2254.000	0.079	2254.000	0.103
2303.000	0.004	2303.000	0.015	2303.000	0.034	2303.000	0.052	2303.000	0.063	2303.000	0.080	2303.000	0.103
2352.000	0.004	2352.000	0.015	2352.000	0.033	2352.000	0.053	2352.000	0.063	2352.000	0.080	2352.000	0.102
2401.000	0.004	2401.000	0.015	2401.000	0.034	2401.000	0.053	2401.000	0.063	2401.000	0.080	2401.000	0.103
2450.000	0.004	2450.000	0.016	2450.000	0.034	2450.000	0.053	2450.000	0.063	2450.000	0.080	2450.000	0.103
2499.000	0.004	2499.000	0.016	2499.000	0.033	2499.000	0.053	2499.000	0.063	2499.000	0.080	2499.000	0.102
2548.000	0.004	2548.000	0.016	2548.000	0.033	2548.000	0.053	2548.000	0.063	2548.000	0.080	2548.000	0.103
2597.000	0.004	2597.000	0.015	2597.000	0.033	2597.000	0.053	2597.000	0.063	2597.000	0.079	2597.000	0.103
2646.000	0.004	2646.000	0.016	2646.000	0.034	2646.000	0.053	2646.000	0.063	2646.000	0.080	2646.000	0.103
2695.000	0.005	2695.000	0.016	2695.000	0.033	2695.000	0.053	2695.000	0.063	2695.000	0.080	2695.000	0.103
2744.000	0.004	2744.000	0.016	2744.000	0.034	2744.000	0.053	2744.000	0.063	2744.000	0.080	2744.000	0.103
2793.000	0.005	2793.000	0.016	2793.000	0.034	2793.000	0.053	2793.000	0.064	2793.000	0.080	2793.000	0.103
2842.000	0.004	2842.000	0.016	2842.000	0.033	2842.000	0.053	2842.000	0.063	2842.000	0.080	2842.000	0.103
2891.000	0.005	2891.000	0.016	2891.000	0.034	2891.000	0.053	2891.000	0.063	2891.000	0.080	2891.000	0.103
2940.000	0.005	2940.000	0.015	2940.000	0.034	2940.000	0.053	2940.000	0.064	2940.000	0.080	2940.000	0.103
2989.000	0.005	2989.000	0.016	2989.000	0.034	2989.000	0.053	2989.000	0.064	2989.000	0.080	2989.000	0.103
3038.000	0.005	3038.000	0.016	3038.000	0.034	3038.000	0.053	3038.000	0.064	3038.000	0.080	3038.000	0.103
3087.000	0.004	3087.000	0.016	3087.000	0.034	3087.000	0.054	3087.000	0.064	3087.000	0.080	3087.000	0.103
3136.000	0.005	3136.000	0.016	3136.000	0.034	3136.000	0.054	3136.000	0.064	3136.000	0.080	3136.000	0.103
3185.000	0.005	3185.000	0.017	3185.000	0.034	3185.000	0.054	3185.000	0.064	3185.000	0.080	3185.000	0.103
3234.000	0.005	3234.000	0.017	3234.000	0.034	3234.000	0.054	3234.000	0.064	3234.000	0.081	3234.000	0.103
3283.000	0.005	3283.000	0.017	3283.000	0.034	3283.000	0.054	3283.000	0.064	3283.000	0.080	3283.000	0.103
3332.000	0.005	3332.000	0.016	3332.000	0.034	3332.000	0.054	3332.000	0.064	3332.000	0.080	3332.000	0.103
3381.000	0.005	3381.000	0.017	3381.000	0.034	3381.000	0.054	3381.000	0.064	3381.000	0.080	3381.000	0.103
3430.000	0.005	3430.000	0.016	3430.000	0.034	3430.000	0.054	3430.000	0.064	3430.000	0.081	3430.000	0.102
3479.000	0.005	3479.000	0.017	3479.000	0.034	3479.000	0.054	3479.000	0.064	3479.000	0.081	3479.000	0.103
3528.000	0.005	3528.000	0.017	3528.000	0.034	3528.000	0.054	3528.000	0.064	3528.000	0.082	3528.000	0.103
3577.000	0.006	3577.000	0.017	3577.000	0.035	3577.000	0.054	3577.000	0.064	3577.000	0.080	3577.000	0.103
3626.000	0.005	3626.000	0.017	3626.000	0.034	3626.000	0.054	3626.000	0.064	3626.000	0.081	3626.000	0.103
3675.000	0.006	3675.000	0.017	3675.000	0.035	3675.000	0.055	3675.000	0.065	3675.000	0.081	3675.000	0.103
3724.000	0.006	3724.000	0.017	3724.000	0.034	3724.000	0.054	3724.000	0.064	3724.000	0.081	3724.000	0.103
3773.000	0.006	3773.000	0.017	3773.000	0.034	3773.000	0.054	3773.000	0.065	3773.000	0.081	3773.000	0.103
3822.000	0.006	3822.000	0.017	3822.000	0.035	3822.000	0.054	3822.000	0.064	3822.000	0.082	3822.000	0.104
3871.000	0.006	3871.000	0.017	3871.000	0.035	3871.000	0.055	3871.000	0.065	3871.000	0.081	3871.000	0.103
3920.000	0.006	3920.000	0.018	3920.000	0.035	3920.000	0.055	3920.000	0.064	3920.000	0.081	3920.000	0.104
3969.000	0.006	3969.000	0.017	3969.000	0.034	3969.000	0.055	3969.000	0.064	3969.000	0.081	3969.000	0.103
4018.000	0.006	4018.000	0.017	4018.000	0.034	4018.000	0.055	4018.000	0.065	4018.000	0.081	4018.000	0.103
4067.000	0.007	4067.000	0.018	4067.000	0.034	4067.000	0.055	4067.000	0.065	4067.000	0.081	4067.000	0.103
4116.000	0.007	4116.000	0.018	4116.000	0.035	4116.000	0.055	4116.000	0.065	4116.000	0.081	4116.000	0.104
4165.000	0.007	4165.000	0.018	4165.000	0.035	4165.000	0.054	4165.000	0.065	4165.000	0.081	4165.000	0.102
4214.000	0.003	4214.000	0.018	4214.000	0.035	4214.000	0.055	4214.000	0.064	4214.000	0.081	4214.000	0.103
4263.000	0.007	4263.000	0.018	4263.000	0.035	4263.000	0.055	4263.000	0.064	4263.000	0.081	4263.000	0.103
4312.000	0.007	4312.000	0.018	4312.000	0.035	4312.000	0.055	4312.000	0.065	4312.000	0.081	4312.000	0.104
4361.000	0.007	4361.000	0.018	4361.000	0.035	4361.000	0.055	4361.000	0.065	4361.000	0.081	4361.000	0.104
4410.000	0.007	4410.000	0.018	4410.000	0.035	4410.000	0.056	4410.000	0.065	4410.000	0.081	4410.000	0.103
4459.000	0.007	4459.000	0.018	4459.000	0.035	4459.000	0.055	4459.000	0.065	4459.000	0.081	4459.000	0.103
4508.000	0.006	4508.000	0.018	4508.000	0.035	4508.000	0.055	4508.000	0.065	4508.000	0.081	4508.000	0.104
4557.000	0.007	4557.000	0.018	4557.000	0.035	4557.000	0.055	4557.000	0.065	4557.000	0.081	4557.000	0.104
4606.000	0.008	4606.000	0.018	4606.000	0.035	4606.000	0.055	4606.000	0.065	4606.000	0.082	4606.000	0.104
4655.000	0.008	4655.000	0.018	4655.000	0.035	4655.000	0.056	4655.000	0.065	4655.000	0.082	4655.000	0.104
4704.000	0.007	4704.000	0.018	4704.000	0.035	4704.000	0.056	4704.000	0.065	4704.000	0.081	4704.000	0.104
4753.000	0.008	4753.000	0.018	4753.000	0.035	4753.000	0.055	4753.000	0.064	4753.000	0.081	4753.000	0.104
4802.000	0.008	4802.000	0.019	4802.000	0.036	4802.000	0.055	4802.000	0.065	4802.000	0.082	4802.000	0.104
4851.000	0.007	4851.000	0.019	4851.000	0.036	4851.000	0.056	4851.000	0.065	4851.000	0.082	4851.000	0.104
4900.000	0.008	4900.000	0.018	4900.000	0.035	4900.000	0.056	4900.000	0.065	4900.000	0.081	4900.000	0.104
4949.000	0.008	4949.000	0.018	4949.000	0.036	4949.000	0.056	4949.000	0.065	4949.000	0.082	4949.000	0.104
4998.000	0.008	4998.000	0.018	4998.000	0.035	4998.000	0.056	4998.000	0.065	4998.000	0.081	4998.000	0.104
5047.000	0.008	5047.000	0.018	5047.000	0.036	5047.000	0.056	5047.000	0.065	5047.000	0.082	5047.000	0.104
5096.000	0.008	5096.000	0.019	5096.000	0.035	5096.000	0.056	5096.000	0.065	5096.000	0.081	5096.000	0.104
5145.000	0.008	5145.000	0.019	5145.000	0.035	5145.000	0.056	5145.000	0.065	5145.000	0.082	5145.000	0.104
5194.000	0.008	5194.000	0.020	5194.000	0.035	5194.000	0.056	5194.000	0.066	5194.000	0.082	5194.000	0.104
5243.000	0.008	5243.000	0.019	5243.000	0.036	5243.000	0.056	5243.000	0.066	5243.000	0.082	5243.000	0.104
5292.000	0.008	5292.000	0.019	5292.000	0.036	5292.000	0.056	5292.000	0.065	5292.000	0.082	5292.000	0.104
5341.000	0.009	5341.000	0.019	5341.000	0.036	5341.000	0.057	5341.000	0.066	5341.000	0.082	5341.000	0.104
5390.000	0.008	5390.000	0.020	5390.000	0.035	5390.000	0.056	5390.000	0.065	5390.000	0.082	5390.000	0.104
5439.000	0.008	5439.000	0.020	5439.000	0.036	5439.000	0.056	5439.000	0.066	5439.000	0.082	5439.000	0.104
5488.000	0.008	5488.000	0.020	5488.000	0.036	5488.000	0.056	5488.000	0.066	5488.000	0.082	5488.000	0.105
5537.000	0.009	5537.000	0.019	5537.000	0.036	5537.000	0.057	5537.000	0.065	5537.000	0.083	5537.000	0.104
5586.000	0.008	5586.000	0.019	5586.000	0.037	5586.000	0.056	5586.000	0.066	5586.000	0.082	5586.000	0.104
5635.000	0.009	5635.000	0.019	5635.000	0.036	5635.000	0.056	5635.000	0.066	5635.000	0.081	5635.000	0.104
5684.000	0.009	5684.000	0.020	5684.000	0.036	5684.000	0.056	5684.000	0.066	5684.000	0.082	5684.000	0.104
5733.000	0.009	5733.000	0.020	5733.000	0.036	5733.000	0.057	5733.000	0.066	5733.000	0.082	5733.000	0.104
5782.000	0.009	5782.000	0.020	5782.000	0.037	5782.000	0.056	5782.000	0.066	5782.000	0.082	5782.000	0.104
5831.000	0.009	5831.000	0.020	5831.000	0.037	5831.000	0.057	5831.000	0.066	5831.000	0.082	5831.000	0.105
5880.000	0.008	5880.000	0.021	5880.000	0.036	5880.000	0.057	5880.000	0.065	5880.000	0.082	5880.000	0.105
5929.000	0.009	5929.000	0.020	5929.000	0.036	5929.000	0.057	5929.000	0.066	5929.000	0.082	5929.000	0.104
5978.000	0.009	5978.000	0.020	5978.000	0.037	5978.000	0.057	5978.000	0.066	5978.000	0.083	5978.000	0.105
6027.000	0.009	6027.000	0.021	6027.000	0.037	6027.000	0.057	6027.000	0.066	6027.000	0.083	6027.000	0.104
6076.000	0.010	6076.000	0.020	6076.000	0.037	6076.000	0.057	6076.000	0.066	6076.000	0.083	6076.000	0.104
6125.000	0.009	6125.000	0.020	6125.000	0.037	6125.000	0.057	6125.000	0.067	6125.000	0.083	6125.000	0.105
6174.000	0.009	6174.000	0.020	6174.000	0.037	6174.000	0.058	6174.000	0.066	6174.000	0.082	6174.000	0.104
6223.000	0.009	6223.000	0.021	6223.000	0.037	6223.000	0.058	6223.000	0.066	6223.000	0.082	6223.000	0.104
6272.000	0.010	6272.000	0.021	6272.000	0.037	6272.000	0.057	6272.000	0.067	6272.000	0.083	6272.000	0.104
6321.000	0.009	6321.000	0.021	6321.000	0.037	6321.000	0.057	6321.000	0.066	6321.000	0.083	6321.000	0.105
6370.000	0.010	6370.000	0.021	6370.000	0.036	6370.000	0.057	6370.000	0.067	6370.000	0.082	6370.000	0.104
6419.000	0.010	6419.000	0.021	6419.000	0.037	6419.000	0.057	6419.000	0.066	6419.000	0.082	6419.000	0.105
6468.000	0.010	6468.000	0.021	6468.000	0.037	6468.000	0.058	6468.000	0.066	6468.000	0.083	6468.000	0.105
6517.000	0.010	6517.000	0.021	6517.000	0.037	6517.000	0.058	6517.000	0.066	6517.000	0.083	6517.000	0.105
6566.000	0.010	6566.000	0.021	6566.000	0.037	6566.000	0.058	6566.000	0.067	6566.000	0.083	6566.000	0.105
6615.000	0.010	6615.000	0.021	6615.000	0.037	6615.000	0.058	6615.000	0.066	6615.000	0.083	6615.000	0.105
6664.000	0.011	6664.000	0.022	6664.000	0.037	6664.000	0.057	6664.000	0.066	6664.000	0.083	6664.000	0.104
6713.000	0.010	6713.000	0.021	6713.000	0.037	6713.000	0.058	6713.000	0.067	6713.000	0.083	6713.000	0.105
6762.000	0.010	6762.000	0.021	6762.000	0.037	6762.000	0.058	6762.000	0.067	6762.000	0.083	6762.000	0.104
6811.000	0.010	6811.000	0.021	6811.000	0.037	6811.000	0.059	6811.000	0.066	6811.000	0.083	6811.000	0.106
6860.000	0.011	6860.000	0.021	6860.000	0.037	6860.000	0.058	6860.000	0.067	6860.000	0.083	6860.000	0.105
6909.000	0.011	6909.000	0.021	6909.000	0.037	6909.000	0.058	6909.000	0.067	6909.000	0.083	6909.000	0.105
6958.000	0.010	6958.000	0.022	6958.000	0.037	6958.000	0.058	6958.000	0.067	6958.000	0.084	6958.000	0.105
7007.000	0.011	7007.000	0.021	7007.000	0.037	7007.000	0.058	7007.000	0.066	7007.000	0.083	7007.000	0.105
7056.000	0.011	7056.000	0.021	7056.000	0.037	7056.000	0.058	7056.000	0.067	7056.000	0.083	7056.000	0.105
7105.000	0.011	7105.000	0.022	7105.000	0.038	7105.000	0.059	7105.000	0.067	7105.000	0.083	7105.000	0.105
7154.000	0.011	7154.000	0.022	7154.000	0.037	7154.000	0.058	7154.000	0.067	7154.000	0.083	7154.000	0.105
7203.000	0.011	7203.000	0.022	7203.000	0.037	7203.000	0.059	7203.000	0.067	7203.000	0.083	7203.000	0.105
7252.000	0.011	7252.000	0.022	7252.000	0.038	7252.000	0.059	7252.000	0.067	7252.000	0.083	7252.000	0.105
7301.000	0.011	7301.000	0.022	7301.000	0.037	7301.000	0.059	7301.000	0.067	7301.000	0.083	7301.000	0.105
7350.000	0.011	7350.000	0.022	7350.000	0.038	7350.000	0.059	7350.000	0.067	7350.000	0.084	7350.000	0.105
7399.000	0.011	7399.000	0.021	7399.000	0.038	7399.000	0.058	7399.000	0.067	7399.000	0.084	7399.000	0.105
7448.000	0.012	7448.000	0.022	7448.000	0.037	7448.000	0.059	7448.000	0.066	7448.000	0.084	7448.000	0.105
7497.000	0.012	7497.000	0.022	7497.000	0.037	7497.000	0.059	7497.000	0.067	7497.000	0.083	7497.000	0.106
7546.000	0.012	7546.000	0.022	7546.000	0.038	7546.000	0.059	7546.000	0.067	7546.000	0.083	7546.000	0.106
7595.000	0.012	7595.000	0.023	7595.000	0.037	7595.000	0.059	7595.000	0.067	7595.000	0.084	7595.000	0.105
7644.000	0.012	7644.000	0.023	7644.000	0.038	7644.000	0.059	7644.000	0.067	7644.000	0.084	7644.000	0.105
7693.000	0.012	7693.000	0.023	7693.000	0.038	7693.000	0.059	7693.000	0.067	7693.000	0.084	7693.000	0.106
7742.000	0.012	7742.000	0.022	7742.000	0.038	7742.000	0.059	7742.000	0.067	7742.000	0.084	7742.000	0.106
7791.000	0.012	7791.000	0.022	7791.000	0.038	7791.000	0.059	7791.000	0.068	7791.000	0.084	7791.000	0.106
7840.000	0.012	7840.000	0.022	7840.000	0.038	7840.000	0.059	7840.000	0.068	7840.000	0.084	7840.000	0.105
7889.000	0.012	7889.000	0.023	7889.000	0.038	7889.000	0.059	7889.000	0.068	7889.000	0.084	7889.000	0.106
7938.000	0.012	7938.000	0.023	7938.000	0.038	7938.000	0.059	7938.000	0.067	7938.000	0.084	7938.000	0.105
7987.000	0.012	7987.000	0.023	7987.000	0.038	7987.000	0.059	7987.000	0.067	7987.000	0.084	7987.000	0.105
8036.000	0.012	8036.000	0.023	8036.000	0.038	8036.000	0.059	8036.000	0.067	8036.000	0.084	8036.000	0.106
8085.000	0.012	8085.000	0.022	8085.000	0.038	8085.000	0.060	8085.000	0.068	8085.000	0.083	8085.000	0.105
8134.000	0.012	8134.000	0.023	8134.000	0.038	8134.000	0.060	8134.000	0.068	8134.000	0.083	8134.000	0.106
8183.000	0.012	8183.000	0.023	8183.000	0.038	8183.000	0.059	8183.000	0.068	8183.000	0.084	8183.000	0.105
8232.000	0.012	8232.000	0.023	8232.000	0.039	8232.000	0.059	8232.000	0.068	8232.000	0.084	8232.000	0.106
8281.000	0.013	8281.000	0.023	8281.000	0.038	8281.000	0.059	8281.000	0.068	8281.000	0.084	8281.000	0.106
8330.000	0.012	8330.000	0.023	8330.000	0.039	8330.000	0.060	8330.000	0.068	8330.000	0.084	8330.000	0.106
8379.000	0.013	8379.000	0.024	8379.000	0.039	8379.000	0.060	8379.000	0.068	8379.000	0.084	8379.000	0.105
8428.000	0.013	8428.000	0.023	8428.000	0.038	8428.000	0.060	8428.000	0.068	8428.000	0.085	8428.000	0.106
8477.000	0.013	8477.000	0.023	8477.000	0.038	8477.000	0.060	8477.000	0.067	8477.000	0.084	8477.000	0.106
8526.000	0.013	8526.000	0.024	8526.000	0.038	8526.000	0.060	8526.000	0.067	8526.000	0.084	8526.000	0.106
8575.000	0.013	8575.000	0.023	8575.000	0.039	8575.000	0.060	8575.000	0.068	8575.000	0.084	8575.000	0.105
8624.000	0.013	8624.000	0.023	8624.000	0.039	8624.000	0.060	8624.000	0.068	8624.000	0.084	8624.000	0.106
8673.000	0.013	8673.000	0.024	8673.000	0.039	8673.000	0.060	8673.000	0.068	8673.000	0.084	8673.000	0.106
8722.000	0.013	8722.000	0.024	8722.000	0.038	8722.000	0.060	8722.000	0.068	8722.000	0.084	8722.000	0.106
8771.000	0.013	8771.000	0.024	8771.000	0.038	8771.000	0.061	8771.000	0.069	8771.000	0.084	8771.000	0.106
8820.000	0.014	8820.000	0.024	8820.000	0.039	8820.000	0.061	8820.000	0.068	8820.000	0.084	8820.000	0.106
8869.000	0.014	8869.000	0.024	8869.000	0.039	8869.000	0.061	8869.000	0.068	8869.000	0.084	8869.000	0.106
8918.000	0.014	8918.000	0.024	8918.000	0.039	8918.000	0.060	8918.000	0.068	8918.000	0.084	8918.000	0.106
8967.000	0.014	8967.000	0.025	8967.000	0.038	8967.000	0.061	8967.000	0.068	8967.000	0.085	8967.000	0.106
9016.000	0.014	9016.000	0.024	9016.000	0.039	9016.000	0.060	9016.000	0.068	9016.000	0.085	9016.000	0.105
9065.000	0.014	9065.000	0.024	9065.000	0.038	9065.000	0.061	9065.000	0.068	9065.000	0.084	9065.000	0.105
9114.000	0.014	9114.000	0.024	9114.000	0.039	9114.000	0.061	9114.000	0.068	9114.000	0.085	9114.000	0.106
9163.000	0.014	9163.000	0.024	9163.000	0.039	9163.000	0.061	9163.000	0.068	9163.000	0.084	9163.000	0.106
9212.000	0.014	9212.000	0.024	9212.000	0.039	9212.000	0.062	9212.000	0.068	9212.000	0.085	9212.000	0.106
9261.000	0.014	9261.000	0.025	9261.000	0.039	9261.000	0.061	9261.000	0.068	9261.000	0.085	9261.000	0.106
9310.000	0.014	9310.000	0.025	9310.000	0.040	9310.000	0.061	9310.000	0.068	9310.000	0.085	9310.000	0.106
9359.000	0.014	9359.000	0.025	9359.000	0.039	9359.000	0.061	9359.000	0.068	9359.000	0.085	9359.000	0.105
9408.000	0.014	9408.000	0.025	9408.000	0.039	9408.000	0.061	9408.000	0.068	9408.000	0.085	9408.000	0.107
9457.000	0.014	9457.000	0.025	9457.000	0.039	9457.000	0.061	9457.000	0.068	9457.000	0.085	9457.000	0.106
9506.000	0.015	9506.000	0.024	9506.000	0.040	9506.000	0.061	9506.000	0.068	9506.000	0.085	9506.000	0.107
9555.000	0.015	9555.000	0.024	9555.000	0.039	9555.000	0.061	9555.000	0.068	9555.000	0.085	9555.000	0.106
9604.000	0.014	9604.000	0.025	9604.000	0.040	9604.000	0.062	9604.000	0.068	9604.000	0.085	9604.000	0.106
9653.000	0.015	9653.000	0.025	9653.000	0.039	9653.000	0.061	9653.000	0.068	9653.000	0.085	9653.000	0.106
9702.000	0.015	9702.000	0.025	9702.000	0.040	9702.000	0.061	9702.000	0.069	9702.000	0.085	9702.000	0.106
9751.000	0.015	9751.000	0.026	9751.000	0.040	9751.000	0.061	9751.000	0.069	9751.000	0.085	9751.000	0.106
9800.000	0.015	9800.000	0.025	9800.000	0.040	9800.000	0.061	9800.000	0.069	9800.000	0.086	9800.000	0.106
9849.000	0.015	9849.000	0.025	9849.000	0.040	9849.000	0.062	9849.000	0.069	9849.000	0.086	9849.000	0.106
9898.000	0.015	9898.000	0.026	9898.000	0.040	9898.000	0.062	9898.000	0.068	9898.000	0.085	9898.000	0.106
9947.000	0.016	9947.000	0.026	9947.000	0.040	9947.000	0.062	9947.000	0.069	9947.000	0.086	9947.000	0.106
9996.000	0.016	9996.000	0.026	9996.000	0.039	9996.000	0.061	9996.000	0.069	9996.000	0.085	9996.000	0.107
10045.000	0.015	10045.000	0.025	10045.000	0.040	10045.000	0.062	10045.000	0.068	10045.000	0.085	10045.000	0.106
10094.000	0.015	10094.000	0.026	10094.000	0.040	10094.000	0.062	10094.000	0.069	10094.000	0.085	10094.000	0.106
10143.000	0.016	10143.000	0.026	10143.000	0.040	10143.000	0.062	10143.000	0.069	10143.000	0.086	10143.000	0.106
10192.000	0.015	10192.000	0.026	10192.000	0.040	10192.000	0.062	10192.000	0.069	10192.000	0.085	10192.000	0.106
10241.000	0.016	10241.000	0.026	10241.000	0.040	10241.000	0.062	10241.000	0.069	10241.000	0.086	10241.000	0.106
10290.000	0.016	10290.000	0.026	10290.000	0.041	10290.000	0.062	10290.000	0.069	10290.000	0.086	10290.000	0.107
10339.000	0.016	10339.000	0.026	10339.000	0.040	10339.000	0.062	10339.000	0.069	10339.000	0.086	10339.000	0.107
10388.000	0.016	10388.000	0.026	10388.000	0.040	10388.000	0.062	10388.000	0.069	10388.000	0.085	10388.000	0.107
10437.000	0.016	10437.000	0.026	10437.000	0.041	10437.000	0.063	10437.000	0.069	10437.000	0.086	10437.000	0.106
10486.000	0.016	10486.000	0.026	10486.000	0.040	10486.000	0.062	10486.000	0.069	10486.000	0.085	10486.000	0.106
10535.000	0.016	10535.000	0.027	10535.000	0.040	10535.000	0.062	10535.000	0.069	10535.000	0.085	10535.000	0.107
10584.000	0.016	10584.000	0.026	10584.000	0.041	10584.000	0.063	10584.000	0.070	10584.000	0.085	10584.000	0.107
10633.000	0.016	10633.000	0.026	10633.000	0.041	10633.000	0.063	10633.000	0.069	10633.000	0.085	10633.000	0.107
10682.000	0.016	10682.000	0.027	10682.000	0.041	10682.000	0.063	10682.000	0.069	10682.000	0.085	10682.000	0.106
10731.000	0.016	10731.000	0.026	10731.000	0.040	10731.000	0.063	10731.000	0.069	10731.000	0.086	10731.000	0.106
10780.000	0.016	10780.000	0.026	10780.000	0.040	10780.000	0.062	10780.000	0.069	10780.000	0.086	10780.000	0.107
10829.000	0.016	10829.000	0.027	10829.000	0.040	10829.000	0.062	10829.000	0.070	10829.000	0.085	10829.000	0.107
10878.000	0.017	10878.000	0.028	10878.000	0.040	10878.000	0.062	10878.000	0.069	10878.000	0.086	10878.000	0.107
10927.000	0.017	10927.000	0.027	10927.000	0.041	10927.000	0.063	10927.000	0.069	10927.000	0.086	10927.000	0.106
10976.000	0.017	10976.000	0.027	10976.000	0.041	10976.000	0.063	10976.000	0.069	10976.000	0.086	10976.000	0.107
11025.000	0.017	11025.000	0.027	11025.000	0.041	11025.000	0.063	11025.000	0.070	11025.000	0.085	11025.000	0.107
11074.000	0.017	11074.000	0.027	11074.000	0.041	11074.000	0.063	11074.000	0.070	11074.000	0.087	11074.000	0.107
													
													
													
