# indices of neighbouring atoms (max seven)
7 13 49 67
8 14 50 68
9 15 51 69
10 16 52 70
11 17 53 71
12 18 54 72
1 38
2 39
3 40
4 41
5 42
6 37
1 19 25 73
2 20 26 74
3 21 27 75
4 22 28 76
5 23 29 77
6 24 30 78
13 79
14 80
15 81
16 82
17 83
18 84
13 31 37 85
14 32 38 86
15 33 39 87
16 34 40 88
17 35 41 89
18 36 42 90
25 91
26 92
27 93
28 94
29 95
30 96
12 25 43 97
7 26 44 98
8 27 45 99
9 28 46 100
10 29 47 101
11 30 48 102
37 49 55 103
38 50 56 104
39 51 57 105
40 52 58 106
41 53 59 107
42 54 60 108
1 43
2 44
3 45
4 46
5 47
6 48
43 61 109 110
44 62 128
45 63 111 112
46 64 113 114
47 65 124
48 66 115 116
55 117
56 125
57 118
58 119
59 121
60 120
1
2
3
4
5
6
13
14
15
16
17
18
19
20
21
22
23
24
25
26
27
28
29
30
31
32
33
34
35
36
37
38
39
40
41
42
43
44
45
46
47
48
55
55
57
57
58
58
60
60
61
63
64
66
65 122 123 129
121
121
59
62 126 127 129
125
125
56
121 125 130
129
132 133
131
131
135 136
134
134
