$coord
         -0.668093037518          8.514068481822         -2.389246062387     c 
         -8.890900985781          4.388774559934          1.131193105330     c 
         -7.644852023304         -5.287809437535          0.776242173622     c 
          1.066499281159         -8.598427891475         -2.758785459310     c 
          9.074521270546         -4.444424195490          1.216784374562     c 
          8.191556608727          5.170311299330          0.549438161227     c 
         -1.909997173210          6.239049018795         -1.720171448439     o 
         -8.711092170401          2.271039111355         -0.500283585601     o 
         -5.266749039437         -4.753240078963         -0.381245524240     o 
          2.325091240384         -6.275701663235         -2.371828244901     o 
          9.364908862282         -2.488302710601         -0.582658003783     o 
          5.755517072745          4.599134825871         -0.460256042515     o 
          1.138242392707          8.026585998630         -4.648761185274     c 
         -8.912592245028          6.804268034357         -0.533619365709     c 
         -9.806549777021         -4.703797018297         -1.098435355427     c 
         -0.955048831325         -8.269571381936         -4.853976663315     c 
          9.120427711570         -7.014588501336         -0.209855867944     c 
         10.238471402901          4.519820406423         -1.431764030444     c 
         -0.174132370546          7.341396637600         -6.863178553007     o 
        -10.907820448889          6.648259369473         -2.295972399068     o 
         -9.742899382401         -6.278087236462         -3.246861779490     o 
          0.136703373165         -7.578720369548         -7.186463482864     o 
         11.354573020842         -7.182464376364         -1.656002914342     o 
          9.995985769401          5.995269974971         -3.638433924972     o 
          3.084039881695          6.001677922876         -3.881907624493     c 
         -6.361158611775          7.100489744763         -1.926590015347     c 
         -9.648733051787         -1.896851082217         -1.836228059318     c 
         -2.892584403866         -6.279065153993         -3.987095534424     c 
          6.781302472978         -7.275580875450         -1.949037149099     c 
         10.085516433268          1.677865457439         -2.048960826673     c 
          4.921861219304          5.640886849149         -5.790485150131     o 
         -6.206915087182          9.490930202478         -3.113183121765     o 
        -11.709865423774         -1.201350623787         -3.388440456030     o 
         -4.888297145037         -6.048671842790         -5.751183413481     o 
          6.601362354609         -9.754726110716         -2.930701327765     o 
         12.128303116837          0.950431411200         -3.612620853048     o 
          4.368285815563          6.732974130608         -1.362355394696     c 
         -4.058439324334          6.683657051186         -0.162692375669     c 
         -9.507685354285         -0.118849405424          0.498155808067     c 
         -3.936293060136         -6.915529543883         -1.333207764990     c 
          4.310499868640         -6.522276313257         -0.576807742564     c 
          9.995331261180         -0.020069831416          0.354416530244     c 
          2.392187195384          7.559051496586          0.632696170952     c 
         -4.496215565519          4.417912975423          1.637704167825     c 
         -7.769630590852         -1.171905362786          2.639311000724     c 
         -1.785047122574         -7.642031363161          0.518511082399     c 
          4.716501976053         -4.022428524910          0.873543358895     c 
          8.193570847128          1.128068653050          2.408923779889     c 
          0.753620678374          9.480126313722         -0.315600946680     o 
         -6.869568769303          4.551950811227          2.891054463603     o 
         -8.046551226181         -3.843632016985          3.015966826278     o 
         -0.117934112170         -9.495724154573         -0.510698623279     o 
          6.779948645982         -4.218539229662          2.587826160273     o 
          8.686424989529          3.755881692379          2.785922498484     o 
          3.623966401634          8.427199253392          3.079635479674     c 
         -2.434715460235          4.102606316992          3.598855497295     c 
         -8.359509740912          0.075116918183          5.190820110312     c 
         -2.849509165052         -8.610485497728          3.011637466982     c 
          2.384131354805         -3.048433822299          2.207274224980     c 
          8.333197982755         -0.098208293038          5.035481576596     c 
          5.132083354434         10.566835196589          2.692011587728     o 
         -2.185420249004          1.704093767109          4.464654159040     o 
        -10.984687384156          0.101973627867          5.620772095107     o 
         -4.213446504398        -10.848994865033          2.646747300576     o 
          1.514408353784         -4.464382597878          4.163490721818     o 
          7.242617235873          1.460357657348          6.874429167613     o 
         -2.126153163158          9.910629381990         -2.897380157730     h 
        -10.669642440988          4.231173656967          2.195493197653     h 
         -7.684066200128         -7.289078531822          1.339468629241     h 
          2.501120207422         -9.994892080106         -3.329495931088     h 
         10.661579462520         -4.334384213302          2.552266829388     h 
          8.265281851896          7.183361193759          1.068428493038     h 
          2.164534815312          9.776320291608         -5.104611339834     h 
         -9.245380548823          8.494349896017          0.627840405713     h 
        -11.639649867088         -5.040931968377         -0.178422099308     h 
         -1.945772446854        -10.068132867110         -5.174679840032     h 
          9.139347634274         -8.599606971985          1.132831541078     h 
         12.122958148723          4.926845467540         -0.655544035146     h 
         -1.366240199958          5.959587100064         -6.515137353957     h 
        -11.033466762067          4.910940912504         -2.908193754093     h 
         -8.091035082842         -6.161774144231         -4.094629703700     h 
          1.335563903566         -6.207548034335         -6.940192080399     h 
         11.683525116808         -5.544640092124         -2.438671466433     h 
          8.288096441920          5.821940900741         -4.357639756235     h 
          2.109101555681          4.187261838804         -3.603536317785     h 
         -6.246188229509          5.667742340501         -3.428744738008     h 
         -7.919752968374         -1.591493443375         -2.946415204838     h 
         -1.941097148574         -4.436427435809         -3.886360163654     h 
          7.012870667658         -5.992660124507         -3.565835381938     h 
          8.339389518533          1.321683208323         -3.120125703866     h 
          4.118557197277          5.451459903344         -7.427644069976     h 
         -7.695673824414          9.809177414386         -4.137727224441     h 
        -11.974462007691         -2.434797772795         -4.723909715366     h 
         -4.228251317629         -6.047191824514         -7.462115680186     h 
          8.203500283714        -10.290175417844         -3.648234687719     h 
         12.312456563119          2.097820303131         -5.035570238506     h 
          5.692361269377          8.288605420770         -1.718479319735     h 
         -3.685947324498          8.383965932272          0.969905921944     h 
        -11.426337588337          0.129583147019          1.248184801705     h 
         -5.267566566122         -8.495573102886         -1.505684877792     h 
          3.766072053057         -8.006198518318          0.769859583031     h 
         11.914070835200         -0.154259346898          1.127468889923     h 
          1.171671114325          5.918814884363          1.021265790481     h 
         -4.567729787362          2.696928324989          0.478386024697     h 
         -5.783122760955         -0.871629917664          2.122984346288     h 
         -0.627039745900         -5.948092494730          0.833571642487     h 
          5.272789418834         -2.576092398610         -0.511299457210     h 
          6.234203995130          1.048147963802          1.717504408003     h 
          4.837239420045          6.939300683379          3.855134576302     h 
          2.175710756413          8.862541311139          4.498552655462     h 
         -7.429760045713         -1.005378095595          6.696196034649     h 
         -7.656897511077          2.016723501608          5.277681964499     h 
         -4.144318542363         -7.230954429392          3.853122588849     h 
         -1.329298686801         -8.965522040765          4.375179776575     h 
          7.289360226861         -1.880659284278          5.117718393041     h 
         10.298158312353         -0.469940166778          5.573788946580     h 
          4.135104796442         11.941883718265          1.991766079967     h 
        -11.419501159191          0.613462437351          7.329656904074     h 
         -3.145444421477        -12.134957753459          1.884496482004     h 
          7.941336979155          3.165537371085          6.733640188319     h 
         -0.520518005353         -3.263101831686          5.400975660608     c 
         -1.464590002243         -4.682736443102          6.572411873128     h 
         -1.856071067941         -2.606716699588          3.961191887688     h 
          1.470426765071         -1.100590803930          1.438379484881     o 
         -0.055057059641          1.528091596219          6.055159890159     c 
         -0.299178138032          2.866374232848          7.615259780413     h 
          1.598559464508          2.103302436976          4.949655581266     h 
         -1.206431903427          5.891439873264          4.312586482581     o 
          0.312316418672         -1.107093282821          7.042144276652     c 
          1.284611968780         -1.480438772899          9.054924900618     o 
         -3.623169250561          3.219105477386         -6.068422527178     o 
         -4.404203596067          2.226376640787         -7.363954476975     h 
         -3.310057211194          2.082392321312         -4.654112641849     h 
         -2.706333387106         -0.173936932824         -1.819894560093     o 
         -1.210822453915         -0.348253685914         -0.759010598585     h 
         -3.691291898606         -1.675222835197         -1.400320982623     h 
$end
